823758	4873
902592	3041
971045	3188
347056	5849
992451	1205
390449	3584
855178	7684
921583	7317
737819	6597
462345	4443
585307	102
194264	5690
547950	5816
308824	4359
810373	1037
135057	5642
237597	3516
498625	847
393184	6619
374085	2339
926665	3757
333404	1312
839097	6216
793835	6185
313908	7504
842838	7000
194251	6264
810381	3794
513049	5431
361352	7659
184722	6483
826295	6144
852128	6096
828495	2408
424946	1081
906276	2588
518703	4149
154265	4494
462372	5181
839061	6754
758331	1566
298038	712
571558	2155
462365	5463
528315	739
557244	1725
468869	1710
337777	4293
468884	6008
337770	2906
481568	3088
941722	2598
736383	3716
576421	4230
639337	7679
964307	1875
498603	3979
194232	7824
175295	6641
374058	7419
109353	1651
431239	1501
357812	3652
501787	2553
500788	3156
565133	4066
961620	6677
215638	2954
555898	5287
670380	4996
442430	5592
909609	7016
368788	760
443555	2652
147900	3658
313954	331
409778	2928
500790	176
565129	3709
593534	6346
668285	2481
841337	5121
964324	5704
758341	6692
138164	7354
391089	1343
391088	5102
100781	4776
696595	6045
822288	3946
650091	1117
481596	5173
138198	7746
519914	4181
696583	5051
881177	408
743555	4395
986028	3970
763985	5083
987953	5490
725609	1118
995659	6776
933075	7762
782829	6709
676187	2664
956823	4877
528357	3754
233116	1396
557285	5349
984731	4175
551638	5858
885610	5942
964342	28
643512	1036
890684	5780
295256	3016
291159	3816
972180	2586
434354	6287
956824	1189
225026	7189
592793	1132
933083	1167
810367	3111
571586	2916
849693	1140
417157	1739
933089	6567
175240	4966
983621	452
822230	6610
833211	7524
393119	7274
630707	4935
236052	6471
757265	4587
203007	1549
896217	6698
997165	2016
696563	4599
997167	6402
942804	4726
763926	2937
175233	4248
938391	3020
828415	5882
512390	7839
423372	4665
502816	3878
529356	3019
622747	1818
627863	7202
435422	4463
805048	7702
495393	6600
583227	1000
693500	6155
326615	6474
696536	7614
319764	2975
822254	4557
219821	2676
677273	5903
541948	6998
389191	6823
743598	7452
743595	5422
447884	7076
278159	6687
542351	3735
278151	1584
920461	6490
528385	2597
937768	2784
219824	6263
726706	4671
288835	4919
334102	5533
762423	1525
755016	1872
139277	5151
853621	7380
236080	3296
564078	2986
841334	4146
423323	7197
609075	5684
621278	505
790152	1222
100707	5910
706859	1074
368709	3923
993017	2709
347015	6853
605808	2160
535649	5672
757224	759
762439	2896
393159	7165
852102	1385
219854	7263
905194	3482
403165	3408
894111	1568
430122	4059
403167	4479
757207	5765
569721	6440
602691	7067
581031	900
825244	1603
693552	4752
591649	6705
922364	2374
319726	630
972109	2183
468825	598
222379	7244
941782	4541
106547	7042
412362	4537
820929	4171
161546	5273
219859	5772
181905	7001
622778	4825
161548	6528
569700	1529
941775	3216
702097	5469
790144	6810
859106	2095
412131	2365
822222	1020
452901	6025
412347	5446
172590	1756
296781	3381
721162	2168
222373	7735
424914	4754
329287	4022
166881	4669
934190	6259
474007	1826
124397	2703
916377	207
326576	5628
334080	7826
755074	627
747364	3867
201760	5876
159452	1726
693598	4712
979533	4905
110658	5898
522980	2618
419351	7286
837545	5714
619977	6901
327696	1520
745874	5687
792382	6244
336312	671
655139	4316
663658	1727
747359	5498
762357	5856
787598	2416
477672	1417
477671	1634
983594	3893
886694	2077
304166	1774
227991	5799
624166	3002
128328	3732
550126	6724
211477	5609
517667	7883
236121	382
998620	3623
326595	6819
924560	2915
510309	6718
529296	2630
416647	578
674987	2181
616422	3031
825141	3892
457216	7051
569620	5631
179636	182
315368	3774
497563	3650
693587	3239
932026	7070
979783	2275
172084	6213
740193	7721
807266	4098
674961	6897
627820	5701
629069	531
603618	6452
273971	2150
128369	4688
180442	7596
329219	6508
827421	297
981953	7358
304129	3764
117193	4755
392669	2421
286625	203
818977	7531
761700	7725
622834	4487
812597	2873
568148	7034
812598	4981
199931	3762
515405	303
932088	103
564116	872
189075	7413
187590	6832
981941	2766
655182	3063
227951	2974
970981	835
228266	1163
755052	2519
637116	722
304111	6319
807246	1155
603639	6978
888782	552
478290	2019
136164	3213
957959	3879
760294	5546
726758	514
742428	6058
726756	704
916392	6262
978067	3692
651243	4702
307368	1200
726751	5885
792327	5868
421747	4207
207083	3379
376277	6685
932079	1228
420692	6286
341824	225
353371	5857
201747	7789
581093	596
280483	1633
286607	4880
484823	5953
286602	2634
463859	5307
562771	1158
421734	7820
602640	1949
189056	1174
207095	1021
495350	7620
228248	7388
376255	6814
615317	1300
565215	4508
784821	3510
826333	3724
967061	4130
367048	1730
810303	5908
551643	62
650176	3505
255838	6092
463807	6428
198312	4607
114626	2773
849594	7378
518774	7466
341891	7511
131789	7530
140605	7110
692071	3297
292663	1721
321729	1227
407558	347
967051	1128
606980	3674
466664	1930
503956	6581
776896	6710
729459	2271
456167	3360
956879	6510
907967	718
943938	5864
156426	3713
342937	2868
367064	2980
165800	4108
883404	5530
300524	7478
194196	3693
788626	6703
870485	1213
740169	7775
464553	5414
995721	7623
823710	7045
398897	6283
980845	4172
629085	2959
590575	4424
759736	4082
907975	13
376241	4958
599171	7730
643437	1038
519963	5835
791627	2702
407538	567
902649	2379
420642	141
321704	2493
122359	4333
834761	7161
304501	4751
682786	6800
404687	1110
460151	747
573732	1224
129488	1669
519950	7499
327633	292
129489	3463
890659	5729
162599	1915
395357	6303
815916	7398
342918	5658
586008	293
111345	1248
404698	4317
124349	5892
619933	449
323950	3434
932011	4824
643466	4289
110614	1547
932018	4439
122386	731
870472	2375
493443	2696
376221	1985
388174	2351
301683	1670
662576	124
823726	5206
131744	5807
907918	6782
812510	836
601570	5833
398885	7871
265177	2991
407595	1876
111359	434
871528	328
703272	5236
211436	2514
729498	7442
107735	5632
975201	2044
870476	4768
682725	6137
484882	6196
446851	3854
519974	4737
285573	1924
173595	190
788685	3801
116061	4852
592821	2886
692041	7265
265184	2072
147992	2914
928896	6625
481614	3229
481613	3502
117111	7267
619919	3185
979592	6523
881231	2948
337843	626
780638	3231
439887	799
109399	3394
587519	7851
363048	7091
588927	2721
138216	1319
815975	6176
159424	5993
870451	5393
870450	1322
881225	2201
518755	4211
490691	6373
398866	2846
573777	5599
682743	247
298000	3343
688698	4855
254659	1169
363058	3576
671809	5124
500809	5059
245022	755
643601	158
264209	7329
778966	6465
710170	1419
670274	7754
896162	6804
953444	3143
697948	2880
972264	1700
131927	5176
337654	5589
129632	5115
571663	3353
350726	468
103409	7268
681265	3007
868933	1967
897136	622
512414	572
759682	2891
922450	831
165880	2078
102350	5960
776805	5204
759686	3942
778947	6449
558430	3011
793705	4328
737935	4806
462224	2876
897122	7152
250580	898
841272	4114
131941	4506
173789	6298
381635	5491
218878	7573
968628	2769
468984	1645
501651	1086
350705	7441
109218	7377
168154	2052
778942	1359
717056	4476
833180	6121
361478	3045
175196	880
557373	2109
992559	5511
202070	6426
137064	6306
172644	5167
225155	4718
184818	5639
688607	4604
967075	813
455004	5019
777489	3524
112900	473
748710	1937
202007	7259
543317	351
555788	5357
496584	6299
762508	4850
434477	2710
434476	4517
555791	4601
233244	3676
479736	6921
613038	5541
643641	6403
473060	2056
593627	3410
826356	5803
697975	7853
784929	1489
696443	4950
335584	7576
529207	2224
150221	889
592663	1084
540956	5324
140478	1332
681283	7094
590521	484
868975	3711
693608	2827
956722	5902
849781	1886
816950	6117
173743	3222
748731	2107
498704	2997
759636	817
956725	5448
233232	1530
367251	6620
401609	3305
157102	3889
758461	2278
462285	6030
777452	1506
849791	6075
443689	295
793750	4650
614180	2152
682697	5590
988912	6352
570142	1181
549500	4747
423268	472
199754	7411
728304	440
562613	3476
155042	1483
613069	2802
241952	2065
408945	4591
807176	1654
510136	6522
529227	4373
368651	5781
898284	3430
755148	6162
988924	7177
364416	1459
502716	859
585499	4569
558481	6530
251494	3522
199745	3712
613079	5290
920343	6534
364413	4453
241963	2729
273799	5044
288952	5269
993152	7031
938258	7323
139399	2574
349263	4269
329360	2004
494957	3452
222297	3566
103496	4510
509077	929
412204	3828
223769	1296
442587	3521
172225	4192
570129	74
798723	1420
795900	3953
435554	7767
627993	4286
158686	7459
334011	1641
273785	6320
103480	6238
987896	1471
528484	6811
443647	6419
654382	1560
957822	3280
416590	7683
266314	7371
957820	1079
833321	2698
965821	591
403080	2747
934113	1324
600353	2037
195662	1575
915005	2428
214437	1687
288970	1078
542248	5281
912994	3964
892983	4656
419193	5432
830364	5824
203156	4285
502767	2191
757369	3733
941656	7766
889940	3688
340658	915
830359	5118
557311	7318
602598	345
600330	5536
443628	2488
798734	1925
252506	2910
571628	2599
572359	2059
443620	7502
941651	1707
361459	3718
693658	4847
651089	6893
849730	4551
202095	5805
818918	4308
699344	4251
510109	1388
199790	7328
736467	1637
903579	6545
848656	3534
375211	1578
452816	2994
512461	3835
423200	541
203178	4102
353646	2554
676246	5039
340675	7489
522789	2583
548911	7581
809155	6735
852221	2214
336114	1438
898222	3803
831904	1496
993143	4641
853774	3162
421801	1621
898206	5641
811591	7283
849713	4129
157196	5987
478226	355
676230	3416
268539	3876
128518	1646
949075	2459
412235	240
921493	801
828573	6042
654337	3182
172699	5574
733494	2774
736446	2869
300393	2120
798662	515
517780	150
392555	6308
866020	288
886565	909
144840	7747
674866	2607
475278	3490
128465	2798
474147	4870
253678	6309
228154	7569
979437	6339
307281	5568
619873	4580
254725	4221
674875	7073
792241	2733
662423	2045
730901	823
655003	1301
423300	3841
253685	2964
402630	5276
405299	4445
353444	5924
106749	3196
794477	1994
798680	4320
708939	3249
449435	6993
449437	3066
143339	5738
304290	7818
493369	6250
395403	2627
549596	3074
405268	6316
307269	4283
775232	2480
139404	2926
665193	4093
375245	5499
463764	6672
728296	4025
379696	3036
654409	3446
867481	7409
158606	210
605969	2887
439947	6850
725396	2854
517757	1740
636039	298
115864	1793
775243	1113
870559	4872
721007	1538
419226	3666
742311	476
892960	6596
800925	6684
903615	5517
159394	3442
524041	4141
564025	3727
515559	2370
924656	6430
284142	6200
522841	2102
888892	6457
284141	4606
318011	5137
457391	1957
117096	1731
920309	7074
655041	7874
435648	7288
962983	4762
979406	4488
837452	4562
256830	5456
416587	6000
240965	2157
923915	265
562655	2687
402674	2780
844056	1424
684148	4046
405219	1619
522815	5419
651135	187
761832	49
326652	5174
143376	6118
303125	4326
542175	27
249936	2645
172132	1266
256805	1380
240951	7128
603740	96
522825	2620
640057	6330
311023	1170
522824	678
203204	130
360380	743
117073	6097
856539	3657
240941	1960
463712	3703
214354	4358
364489	5020
714591	2163
794499	3328
256810	3593
214350	5441
622960	7363
957853	282
916282	5363
811501	972
837477	5940
225218	4681
788506	5233
799788	3730
586150	7330
327764	3788
910874	7804
637031	5866
639179	6050
360357	5635
588837	1153
137137	5843
350675	7870
682669	3413
745929	2277
255740	4404
407411	126
280321	1382
747294	4621
150123	2418
881136	7139
682670	3253
998594	5670
659594	3887
114742	4471
218921	7774
406798	1706
563777	6675
589998	5890
729346	6421
975357	7862
551527	1975
281444	938
831899	2068
906326	3825
899300	112
280311	3993
394874	3004
834845	6856
776756	5033
485985	6759
550081	7644
304644	6149
662494	2041
156551	1328
650062	1042
967175	398
464401	7285
407435	2727
829712	1231
392504	368
226978	5066
165924	7368
599084	1292
740263	5068
610345	4666
404591	1333
301576	1050
360325	200
815850	6852
879935	1275
998538	1260
518879	716
590497	6992
812658	5122
496509	2000
396959	3474
165911	5686
976811	117
532915	136
979488	1927
788537	469
420720	6068
107834	7863
883311	4684
625795	723
138348	3741
834844	7115
150166	146
481758	7399
341785	6453
663511	1130
140532	5452
388020	4991
138355	2502
483891	3356
500922	4851
498774	6871
722565	3491
886597	687
321816	3945
780732	5988
729385	1601
550037	1594
775273	3206
211325	4906
844004	862
287925	963
890748	5411
599037	5188
446981	7176
122271	19
477580	4805
298128	6195
799779	131
697926	7831
794411	3378
439996	1428
742359	4392
456243	2752
658801	464
532906	3621
496532	7449
653161	7063
111513	4644
561028	2500
816830	4451
245158	4558
407758	4154
935553	976
511056	3098
558505	2310
841584	3546
757065	6292
994395	5006
841582	6989
394441	5126
987733	4209
481337	4811
776728	5899
356580	3120
493715	1965
162897	4794
257819	3281
252687	5289
175031	802
829749	4917
566944	4056
763738	6184
289728	4626
841598	5294
146963	5072
479643	6384
841595	548
118995	2295
992243	4803
855364	45
357640	2303
150333	7729
584075	6340
304843	1800
700763	5142
558753	974
510068	3648
647988	7811
834567	735
829773	4377
500532	1466
836167	5656
118958	4148
257843	6931
566952	766
826001	5515
765972	2907
868876	7630
757086	5323
500522	2970
102054	5454
129720	6964
135284	4410
855350	4704
987710	1838
335444	5266
799906	1008
312631	3117
571340	5787
222526	4254
561017	4500
571345	4095
218501	426
129705	260
479614	133
362620	3579
446558	4883
184946	2979
854951	589
855343	5217
899089	5201
481360	3588
156236	1059
700768	612
776737	5175
826069	7814
692234	857
431467	6375
791486	6757
154001	5782
968739	3572
156266	480
536977	1808
176521	5493
645847	7412
692226	1580
765911	6018
226571	779
729742	5298
583099	5443
791494	5818
208312	2890
103503	878
823528	990
527070	3095
621458	5438
230073	3110
645835	4049
994341	5345
165537	1719
645836	3558
842604	874
147723	7844
360518	5413
103535	5667
181709	7578
312690	2431
763789	3547
573582	4414
177997	5311
140335	5373
558521	7344
659613	5387
836193	5263
842618	2345
362667	2308
958811	2256
350602	1649
973942	4041
289792	5779
445105	7836
354883	4200
237369	7462
718762	1650
308606	6892
653108	1615
204868	1883
922542	577
129752	2973
543636	3363
643714	1863
175048	3845
293920	7313
300266	1346
362680	546
250272	140
223691	6701
762674	7465
543608	6791
820701	7727
896023	280
362677	7072
463691	110
640206	2603
630916	4274
112635	5348
889605	6464
594815	924
402863	3645
833486	3054
993249	2770
754117	894
850726	3314
721398	2486
478580	7518
590824	5894
495187	2496
898361	4468
775610	4668
307508	6889
647910	1593
311085	420
669112	2594
622542	7595
319965	2657
647901	2420
572485	6039
954895	6727
949187	5182
826084	2048
825471	1780
856476	1495
390210	4423
630936	892
173800	6795
669102	6860
268637	7888
886917	4364
790387	5618
972337	4858
875956	6907
993224	6603
742708	5497
333224	5716
100916	7625
383816	4244
192990	7300
515210	3899
180636	7309
236294	888
311062	4455
954866	6716
481377	2615
842672	4403
614499	3667
203251	432
416482	3936
383863	5213
405558	2222
383860	3669
744854	2611
969877	4334
811661	6120
747505	3723
640260	387
850774	2115
747526	749
987785	3949
201913	5196
754161	7383
898374	2243
139498	3344
412572	3513
969880	4758
807061	2076
209441	4303
312612	5804
334356	3300
172323	2436
173854	3646
744882	4926
630968	1057
141502	2688
494820	7207
842691	470
529101	5473
958881	581
963011	1031
845667	5065
251147	5234
431402	3458
195538	7415
969858	6590
549623	608
614470	7819
640241	4530
845661	2541
743366	5757
549605	1515
577793	2487
201937	4176
268683	5556
234860	4614
158579	809
130874	7277
962947	3354
773205	226
465842	3734
399705	2665
976586	6932
338819	5351
949139	1859
357657	3642
699017	5184
792521	6431
110474	1032
319994	3882
535883	4670
941571	2640
528145	5561
666324	5496
203323	7482
550314	6489
503746	902
401295	100
403321	3247
989263	4044
715995	4598
775554	945
305860	5551
187362	6663
485826	1561
304375	7834
878159	912
569439	5027
482911	5221
467997	6582
550324	381
640184	6073
775564	6616
853925	1087
795824	3465
983306	6007
495131	3702
364367	3932
658536	6341
364374	7763
906633	7468
211280	3451
503761	5279
979971	6022
311108	4781
615176	6135
542031	3501
626952	1895
465891	6798
201973	3385
293979	3178
960050	2521
979985	640
197011	3480
323766	4538
311119	2462
884729	1732
833432	5154
220937	2957
234886	5537
976557	6975
220930	2333
350594	224
644782	5652
579146	953
188894	498
379351	5317
725016	3536
299244	4788
234893	2851
916141	6967
495108	1567
579141	4879
141421	338
811638	1023
203302	5177
419160	1185
658587	7359
572418	7697
963089	906
800876	1508
268610	2367
790363	5624
551485	2162
466836	5246
236344	5057
480966	5396
402779	6049
172253	2455
122198	5300
300353	5719
771046	570
814611	692
121047	1929
976535	3349
322616	4427
211234	2641
305894	2549
268604	4112
220955	7025
780824	1468
747597	1009
137400	2383
117396	7632
280041	4475
379334	4008
280045	4897
421945	4830
228034	1218
595960	7708
841602	7316
773172	6671
781963	2274
658564	5749
790348	7559
254842	493
368911	2512
429050	441
636148	3561
885390	33
457465	1683
144721	1295
800849	5501
121087	4667
662318	2384
293947	2525
744919	7455
428853	4442
429044	3183
684223	5633
741177	2458
144718	36
266493	6847
760476	2825
960085	2070
864491	1518
800859	4714
662307	1360
662309	6458
391369	2507
748693	1717
292864	2289
909433	5434
748694	7521
663862	6657
926980	3173
973894	5756
427791	6614
475340	1477
888958	7162
480928	155
147755	5846
409925	2413
255632	4190
409922	5549
476323	2608
413705	5053
270559	2057
601329	1473
883220	3455
144777	4994
475348	877
662322	6958
684210	4267
593819	5865
685334	1545
776693	3660
129657	2084
489123	2210
397513	316
759913	5746
791444	3921
141492	2113
352019	3367
844115	5955
476335	699
740373	6655
498884	3352
498883	258
428819	1244
335397	5976
197094	1870
992180	2419
998421	4346
586226	3113
197088	3607
124566	6406
933360	1945
595926	1543
780878	2038
796908	6761
725468	6271
814682	3644
910948	5063
498890	3793
159671	4594
437064	51
427778	2653
476304	6611
285314	7867
885340	227
490446	558
870220	1497
760436	5455
143626	1162
137460	3177
133996	2485
595933	209
772099	5016
460379	2217
137473	4646
877064	1326
129692	4964
389418	1794
884714	7680
780892	5084
446658	5594
206013	2139
725404	6695
380869	6950
776647	6670
485859	6911
353198	2279
964118	4375
505965	3208
511097	7304
855327	271
315537	2132
643671	5963
222519	2062
389402	1379
776650	4613
327846	1351
734866	3861
733738	77
568342	1178
154093	205
124532	3187
812314	4038
245924	4332
655301	3107
485881	2924
292881	1088
197052	1660
280216	5161
657426	1768
128181	3215
212850	7023
772038	235
118895	3991
625857	4480
360490	5941
350564	6158
772042	1832
406692	1806
788866	5534
226630	6640
249838	825
122123	3700
505926	2722
181790	6090
601300	5980
834514	7778
925849	1919
568334	3470
197048	4048
557075	3295
441087	2982
906433	2713
733760	6295
638439	7653
602835	2670
159632	6374
500604	2430
352036	5023
540660	5394
462520	3341
659689	7582
376489	4432
531045	3447
335358	4219
883037	6307
527189	4012
251227	5922
670472	1258
953640	1309
829892	3061
968885	936
442324	7111
614396	7082
791390	7603
631937	1184
698068	343
855233	5232
481490	2457
464630	4080
935427	2304
772000	3912
968893	321
593869	2585
129822	332
825504	5946
194319	3284
391191	1659
437103	3440
584171	2098
190965	1749
483703	6520
127760	4073
986157	5045
647866	6116
487983	3219
870297	6552
157368	1488
590774	7497
540742	5614
631942	984
409899	7381
412080	7281
361267	2744
157362	4993
479525	2725
601290	114
135137	2241
670494	5640
902272	4637
922653	3817
757180	638
630867	7114
558629	3628
654181	7733
740500	2871
431379	3024
418384	7525
308511	757
464618	91
362722	4431
354941	6926
181611	2707
980705	1212
736287	5384
660899	679
938479	3515
176439	3141
899180	4703
961758	6269
230151	6401
591368	4657
921646	1377
938474	4214
584199	2380
103659	2647
437157	1522
577839	2742
332026	6960
362774	2292
215737	310
340857	3112
295341	6947
129881	7825
509243	1523
735141	2893
677548	6606
129887	4799
129866	7350
100833	3401
740566	1902
391147	2689
688416	3475
245272	3695
250361	1365
902245	5014
902242	6517
129870	3686
621555	3070
190930	2364
431347	5107
501419	1892
513399	1281
138009	5113
961703	3750
129864	5869
176404	6261
877112	4229
412030	2442
473241	5338
621583	713
558887	2166
376539	1469
423094	4892
816765	3294
498986	867
543535	5950
481421	918
434252	4183
577850	4673
250347	4653
287609	442
280085	267
923762	3023
594929	3076
757125	4518
721279	6094
392249	2912
630800	278
555958	3493
590703	5030
920154	7612
438243	2843
443850	337
574821	2963
241756	5581
162719	5485
268745	2902
588599	5106
860820	4593
336321	7807
715807	7886
941406	1827
939509	2006
949290	4882
381855	5923
735178	7135
349061	196
630813	6405
106414	2708
234933	6379
837167	524
333108	3611
245225	2281
696608	80
336314	3254
336317	7704
381822	7319
735163	3032
172469	2426
939515	3357
233065	7527
631997	6755
721299	7221
735168	4929
884588	3826
706972	4865
939529	6598
809389	943
903793	6920
478474	1867
529034	4365
555925	875
392258	7019
943690	3449
849955	1310
600550	4802
241783	3418
100813	4037
241782	4297
100811	7752
594935	5627
442399	6732
828331	6284
338914	61
329113	6715
856324	5720
991260	320
402905	7164
329110	7167
528271	6327
423026	2061
958764	4208
941461	4484
312724	1135
775540	1177
775543	1767
839104	5484
796897	4412
993394	6297
329127	7755
289820	6915
699148	397
744772	1097
494714	4259
603566	7560
979810	2518
742628	6418
356405	2
333147	4922
266538	4110
445080	1714
754298	2551
336393	7682
681084	7651
867646	6859
356421	6304
106491	4374
775517	7008
763801	2435
953615	2878
923745	2601
923746	7793
512260	6016
640381	2450
357545	3640
797925	7588
837151	6851
778790	7352
333137	5029
942919	4698
295397	5077
773104	6147
349005	7092
356430	467
700824	7068
329141	5242
640366	6817
236189	4511
978085	5445
622630	7617
383991	6725
299100	5036
176480	1527
234955	6005
963188	2548
703545	1157
602752	7060
802952	147
931180	5990
266574	1013
241804	3856
403225	7407
322767	1908
494636	6211
666415	3069
449250	4028
326432	7822
412744	315
396796	2101
270602	2596
725147	7613
950437	2527
844294	1550
375037	5732
139635	7469
359072	7749
651370	3453
747407	2889
243937	991
979858	188
863201	119
997265	401
503660	7064
798476	6513
761609	256
903863	4627
798477	6906
497488	5159
435890	2576
798471	254
983210	1403
658628	5421
143586	279
395691	7584
214124	2739
950462	2321
827784	1337
657532	7510
997228	4798
715877	1884
711723	3721
651379	3800
532737	1306
280115	6900
752068	6123
248654	7618
602723	3425
717308	6775
420587	5646
792456	1881
503643	4215
666424	6321
890914	4170
873890	7264
937337	2660
188994	5842
253436	2362
618500	1026
211147	3782
143560	2356
682835	3488
773052	1858
703504	1194
139674	1815
588679	7783
587423	3938
182030	2624
526093	4265
978152	7021
322713	2572
651331	1959
615004	6450
514465	5116
790215	3033
885263	6879
864370	5153
674632	7116
748585	6863
128230	7674
651328	4542
243927	7447
666486	1617
429153	1923
669007	454
905030	4232
428767	1678
207384	2097
463520	5796
614305	2697
682813	4294
195382	5158
496726	5412
207397	95
651350	4970
438265	587
741029	3981
655269	7772
429142	4691
457569	7487
685415	2544
153080	3448
870317	3918
435821	7837
106524	463
671509	457
993458	384
463510	7575
820908	4989
483671	2772
172386	5997
161166	3269
760576	2736
845718	5352
905046	1058
237331	1012
917567	3613
509311	6525
787264	6481
378349	891
122048	3916
477312	4753
217174	5861
114529	2358
360565	3142
183131	5401
169069	1491
568411	2011
616583	6874
936260	1668
270698	3773
477333	3322
870341	7048
636292	7360
194284	3631
183128	3172
427646	2342
516836	7514
154190	5038
724071	391
722350	2353
413818	7448
142421	4310
249782	3894
722351	2023
883102	1682
794668	683
376579	7301
975555	5475
513360	1592
404334	5111
827704	2161
670402	3689
924830	6484
917574	5015
663737	3881
376590	4115
917579	1443
651307	72
200554	3701
794656	5149
169073	1216
684322	2369
210028	7056
323821	1342
265057	3307
725556	3275
137370	7690
118770	838
284358	5550
243094	6343
992263	4953
887572	529
863251	4202
662278	6752
956507	4868
863252	4713
563998	7104
844264	2943
863248	1933
703587	4227
415247	6392
903806	777
362820	1480
992255	5827
961662	216
992258	5848
505807	3795
573608	5979
264062	7414
852080	5477
118762	5479
852082	5397
936222	7058
663717	1742
863244	2942
281691	4816
165700	4686
292772	5192
760510	706
980718	3351
551311	1384
406589	6257
814597	1602
752009	5328
500736	3390
315412	156
212997	5791
340927	3115
558917	6469
568479	4536
759828	23
788986	4405
323874	7723
776522	5862
980740	1425
475428	5436
517593	6733
590680	1816
568467	2993
734748	4027
304881	3078
569597	721
396791	3358
485096	5576
193087	6231
972555	6708
241628	2361
823375	3888
792784	4068
109734	519
108205	7841
203482	2563
375526	3125
940721	1703
972560	5230
325046	3444
927793	6400
908109	4602
794072	3567
736768	3067
842443	7782
347463	2892
673478	7100
624561	621
672360	2644
932942	4708
361740	3708
397398	108
607019	4690
203497	6125
182099	5580
762875	6909
475909	4450
275569	308
395815	3616
390043	5163
912623	1055
712090	6838
736779	4011
767113	7494
245307	6145
800693	7812
108220	3244
560168	2306
987517	6806
949372	7833
548628	5489
786051	99
459884	6278
309083	2177
264735	1514
482213	6635
497950	5539
770870	2199
492376	5061
550548	6842
639719	6270
492370	2091
232029	1685
640481	6579
648839	6437
538204	7081
357403	5603
524376	6959
416261	2079
969616	4972
658396	6496
972543	2861
929066	6807
673464	4980
248047	5240
754399	3871
923409	6722
205741	5874
690128	1608
559116	6391
671496	3392
690124	7052
863629	7621
604352	5961
195343	455
414017	3398
463447	955
195345	3746
291572	1414
770814	21
892424	5444
648898	1249
274044	172
669318	1510
457767	2131
669335	219
751838	773
858402	7105
792733	4261
244269	7184
751834	1988
521818	3819
750345	6180
515014	6410
622319	429
835840	5607
416295	1075
626793	3870
751846	6397
316833	6941
316842	3400
261800	2414
954638	4013
770835	980
640424	3138
261803	5200
888386	5508
340303	2239
521823	4574
314709	1437
696978	4677
321348	7214
687163	4554
245343	3250
506876	1457
639763	1631
179278	101
312463	2186
278564	6886
448022	613
421296	999
339150	85
772335	1894
762808	7461
707936	7572
489292	685
977896	5449
437244	5085
129965	7405
610907	6883
666636	1624
874580	4456
129980	6780
660723	6161
497901	3662
628022	3983
317957	1519
704766	4490
891072	1900
233531	3144
715288	5318
949329	2159
812952	106
199456	7017
895177	4167
306247	583
877201	516
911144	5610
735251	5325
594680	3971
926204	2452
801735	1447
525922	7536
150516	1198
982003	75
594676	3094
536770	2743
252022	3102
705880	7233
437268	3633
289535	3423
509367	4071
516129	3537
887288	5798
505785	6414
740681	6968
404282	2385
712032	7297
255468	3915
692455	6171
244245	3128
502447	6558
422255	104
625230	3364
900827	6936
783193	2074
879443	7606
150574	5285
988630	1103
814387	3486
998239	6601
535264	4878
230267	2929
772385	2007
353934	3844
625248	5253
934674	1636
858475	1006
772383	3704
439460	2352
233582	7570
140116	2017
786023	4060
879455	5678
312430	4514
394205	4809
475504	6035
509387	1512
362836	904
219443	4920
439474	1751
419704	5569
376620	6729
384708	1879
753294	4912
317976	4213
923474	6002
261882	6488
289505	2311
926246	6518
828071	1797
159827	5802
198810	222
659891	7802
277067	3756
255499	2495
830873	2015
280815	6048
686045	7290
693931	7602
811092	530
140137	968
879438	6999
150560	7191
261875	3084
475522	1640
379904	4531
604303	5740
949344	5994
716272	4845
464983	3046
848955	5626
801797	1995
566712	494
475962	3849
385009	405
691245	4147
686033	237
623039	5047
700149	5525
953188	6673
113038	64
568584	5103
986488	2398
439429	2285
132109	4223
458861	6369
249631	7127
713094	7020
359342	4519
201364	3680
365603	5451
398439	4955
505708	5248
401015	2252
924979	6991
545300	6109
439421	4138
169159	5759
164241	5775
510949	2835
471875	7480
326171	5408
737411	4351
234284	1647
180093	98
253965	7232
632178	5784
970527	4089
362938	7364
620164	6656
714209	4764
971529	1999
826790	7337
831561	2075
421303	3223
440113	1461
536803	5544
410769	7183
848915	710
765664	6224
840200	5194
191003	1752
384670	7751
214070	7717
398402	2667
776453	4911
267759	3441
583829	6786
795666	6462
675624	7643
161089	5747
156860	595
385074	7792
156864	5062
466231	1139
250952	5480
404216	1413
442830	965
791215	1606
545341	5587
217271	848
989425	1591
844362	3044
297894	1348
187993	3699
740594	5559
105032	3396
806137	7086
460578	3282
422315	940
335173	3406
571174	2884
490232	7345
156892	7715
147521	5244
967479	3813
233517	6787
208141	525
379984	15
378461	6350
162154	4168
804726	6441
720884	5713
620198	3804
310214	1386
172914	3581
380605	5130
204551	3974
862158	6872
715371	538
233523	978
814449	3840
208130	2546
565679	4313
379995	4924
234262	153
490212	3265
590139	5128
758763	2555
312361	6574
485684	2595
509431	2781
562363	1476
862132	6178
818531	7638
156825	690
920847	5245
674532	4797
121292	1191
271246	4323
703627	3551
608728	4397
795625	211
821184	3299
566698	93
549005	3890
696955	403
676682	526
888367	466
985365	3994
737496	2221
869053	1448
862146	1623
494534	6771
412846	2629
729063	1873
644550	4004
408679	7284
626734	2223
738936	925
764054	4995
827868	5131
459930	7083
492408	6167
880127	5211
155314	7131
486768	6951
156843	7122
209627	2932
861067	5925
532445	2737
355232	4633
854022	4525
539705	7204
460548	856
794120	7843
800616	782
975620	135
583888	2173
200262	438
815524	4777
873501	5622
583883	7533
921909	6197
508340	4191
608739	1407
869036	5773
395743	1828
689309	2815
395742	5984
234220	6609
565635	2344
375588	7385
443948	2753
954688	3200
862115	5552
414075	2823
577029	5790
669389	5518
826710	7026
669388	834
646097	5901
729095	6815
804782	4299
601968	5457
314695	6368
927803	1888
514999	2265
829191	6970
130744	3596
177088	1790
121246	1810
427940	275
183624	3471
643075	4675
510984	3150
161014	41
203559	2828
467770	2153
474451	5340
216147	3403
520241	625
719555	1954
920884	3026
901965	180
661876	4939
347553	3382
214009	1107
480795	4842
719581	1262
467783	1313
579380	5119
550593	2682
205689	5264
236552	4017
863560	742
676614	913
148661	1229
930168	1484
372362	5991
467775	6247
134887	1840
193156	6468
766739	6933
794171	618
687207	4074
472947	5313
578241	2020
881623	3431
488218	3508
236562	2135
737475	5231
205688	1434
397322	201
993506	1375
193149	5492
539765	5571
930171	5867
578239	914
719579	4638
344621	2655
644731	2228
316765	229
770996	6240
892527	7631
566650	5241
922022	2999
705917	5852
873586	5915
515126	6060
340225	7093
474560	4898
870939	3278
896565	1805
696899	547
696896	962
524493	2465
441515	2032
706313	5888
375630	6834
611421	7393
242687	4369
766934	4581
931952	2935
922033	5342
495027	251
919939	2510
662829	6198
678955	2683
972674	3272
355073	1393
792666	800
945131	212
463369	4136
912508	6837
347579	1051
539669	5859
347588	7226
616716	2407
232140	7676
649123	6166
427905	3822
561188	2817
376709	701
585028	5952
585026	5238
463355	5430
661730	4430
355094	1528
649139	2343
340234	1609
324026	6386
496195	7636
281829	665
773772	6024
453915	6199
245466	1705
496192	1302
669221	2106
777874	754
835961	6713
148701	1760
313647	1744
923505	3902
400015	6168
238620	1325
357344	2952
478690	1416
856112	6894
619390	6251
803037	5104
908010	746
547499	6206
751739	2985
696860	7406
892577	5129
629450	6527
856120	5382
241543	3273
633906	6653
773792	113
170534	7217
597389	1839
705986	5725
969724	573
865646	5837
256409	730
251035	3869
750221	2845
815395	540
622425	6071
923530	6223
779572	7117
400039	5486
425902	2779
597394	2810
184409	7687
185924	6237
908033	5224
170547	921
416166	5752
659944	4801
416162	6719
669215	3690
351744	3059
292075	1968
395970	646
624639	7857
435166	7548
509476	1614
531428	3495
622447	3157
364815	3895
185991	4826
376759	7490
204753	6578
252145	5845
489391	6818
811175	3934
538176	5524
885940	6589
365543	3917
264688	330
346065	3812
640519	3948
394341	4024
612946	2609
612948	1625
509488	4509
568717	899
735380	1981
516244	3799
923564	1305
166552	7549
242605	812
252159	4178
944034	5995
713048	5965
204764	2556
548588	5793
885935	5001
810031	2170
249447	143
306143	5088
185987	6454
867813	1932
582059	4957
245492	6217
434013	4362
261980	7753
762924	369
339039	614
603389	3135
455415	2008
306139	2371
365565	4534
245489	4413
528887	6861
687076	4035
625323	6236
715155	2478
317828	3252
165407	2423
946949	7003
912585	6808
150664	2760
830779	5370
422109	3999
289631	694
165400	986
485576	4201
321449	522
362997	7084
306121	3866
272740	7211
885988	6326
111848	5228
376713	1792
713077	3958
122686	4195
691119	1498
986389	6764
206977	5964
481239	2134
885980	6986
610843	4584
597335	3391
957394	3717
478612	1734
885976	2786
333757	2505
683017	6293
935651	2381
551992	6444
625396	259
111853	3770
531445	7476
126892	4319
275636	326
502346	1795
660654	1376
230391	2776
107332	5554
496129	4454
931982	4020
715196	5205
315724	935
625361	2865
625362	7144
166590	2951
548532	6820
998135	4186
132022	418
961987	3940
477078	2570
735320	1901
773710	3514
282926	6843
219560	585
992128	4936
858360	7273
772272	482
716373	2901
683037	1618
312548	916
878836	787
700287	6478
235859	6107
685235	5180
971658	2945
716475	2216
222614	950
372206	4623
220696	1172
235855	239
831452	2238
602954	497
270018	1299
971660	4435
191108	7154
618347	6394
694749	57
666696	312
531396	3877
623162	3228
222601	5375
702699	604
451017	6983
220687	465
162003	6753
293657	1431
401106	7251
163254	5695
371150	6436
247260	4134
737550	3972
679955	4609
169273	4652
718594	1335
679992	6323
694776	6324
831430	2182
921863	569
970426	5309
208285	4165
663936	436
391454	7568
144456	6971
458980	2960
394406	510
308312	6934
217358	3808
267841	3484
442910	4153
401130	1540
466316	4483
464894	7779
737538	6313
787088	1233
602922	3365
510823	6650
832948	2317
676702	4572
685270	4986
676701	2867
458973	4144
528879	7627
419688	3473
814311	2119
378577	1195
598905	3738
424350	5927
404124	6179
408585	5229
546368	647
957432	285
133877	1341
137586	6268
412917	7688
339026	7628
327314	3736
862277	4341
125332	1288
761443	1133
720762	7669
280768	5306
286321	3873
625305	7564
365504	42
308371	917
528863	5343
489470	1204
826877	806
204674	2552
562269	383
136436	1811
694707	6477
826874	410
300849	6122
677854	6114
956307	1910
844459	6766
438903	5470
293696	2504
315675	5021
832920	481
992067	734
201453	939
359253	2593
565524	4844
632273	1234
583706	2142
964043	3375
568665	7710
545212	2535
821022	1485
718553	7096
133893	4831
203604	7556
675507	7624
634992	6658
272691	6706
329735	5028
718545	4710
233621	3503
233620	5193
300824	2690
528845	311
424343	7869
957468	4088
931362	7849
677885	5776
990837	3310
758858	748
931368	4521
204696	7558
832907	5312
335055	3842
386098	4769
563342	4701
412927	4876
798254	7577
567681	5114
259220	4756
183728	3996
420370	7771
920749	7571
629371	4184
577167	7691
789352	7036
271142	562
608862	2692
748344	5562
985211	6438
873630	5034
458915	1844
355107	7126
967558	4730
616773	4235
424391	5662
803119	6674
795525	4766
285248	7580
378552	5792
779598	3342
155428	1986
236485	3457
888467	6995
881540	273
777946	3963
151763	5256
719652	2489
488381	1076
583516	7458
427853	7685
901864	7655
736816	879
104079	7386
840132	4070
420392	7149
329773	556
577181	6491
652962	6890
386040	2614
572785	1997
572786	7
137516	6789
532553	7698
719644	628
826867	2522
407037	1976
215047	264
616799	4863
183702	2904
347605	2879
486638	4486
104066	2248
869176	7794
863432	3018
251080	3038
440064	4078
181499	127
608829	6587
137509	2393
719637	1850
909195	2294
967580	3694
577123	5708
164336	4335
410612	3477
238570	1318
840198	6644
510832	2404
281897	5095
539630	1147
899767	3594
190011	6750
579250	6503
203658	3450
423745	1250
486610	693
620227	1363
169214	7087
508425	5989
314540	4368
736863	6627
121161	478
688187	2659
722966	1356
412990	2604
190020	5331
578117	7665
182249	5004
309046	3466
407046	4482
237969	5951
845511	5471
167746	1279
940914	6095
880068	4446
985277	3728
662841	5516
862212	5677
608884	588
519459	6505
901829	2245
722979	2035
909163	6128
300899	1124
688152	7745
371133	5591
862208	4340
441535	7102
881524	2529
662854	3243
358127	5926
391403	7420
909159	7599
661787	7430
675582	1005
344609	5270
717530	7145
562202	5383
530281	1409
935958	2675
575071	4081
111909	5647
291331	1658
179005	3148
550710	620
935962	4505
364756	2650
558106	5920
256765	4273
151357	1423
703826	7148
566540	1270
998092	1316
641746	4951
535403	669
363639	4835
535411	6014
954431	4622
238943	6245
128648	2036
357228	3345
781594	1500
387764	3632
394051	5377
658138	6885
800441	4376
566539	7830
723981	7546
531509	7196
276822	4224
865995	6884
629320	767
535439	2013
575054	3376
271571	2931
873263	5844
575050	1453
671234	3319
633803	1821
670188	2185
179034	2090
934490	2874
502635	6175
823199	2460
397167	3533
470091	7537
823198	1865
600213	5881
935941	1684
740802	1131
170874	4051
704557	3152
757481	5564
519057	1161
664923	6260
423577	325
130448	5606
750132	7597
865975	7673
912836	6032
508041	7887
577332	1571
508043	1426
532137	3622
999051	4349
818826	5125
276843	4647
706647	1581
566506	2083
386321	5962
218129	775
566508	2360
110014	3268
548852	3670
524147	922
878506	1134
548850	2220
878507	456
896455	5143
524148	7079
656947	1049
246160	6004
884275	2635
641708	5972
596110	7425
913998	35
912863	2503
731161	32
143287	2870
329499	2517
945262	6495
400111	3903
386312	5692
800480	1100
671224	3604
858207	6160
199613	4107
387725	4467
626580	1440
128604	6165
151367	189
546727	6062
927576	2024
246135	1369
786294	4705
463265	6875
453838	445
798815	6699
199629	870
438554	911
397127	1852
453832	4076
633842	5071
492129	7178
329474	7457
809019	2448
985172	7305
492120	2961
316656	1383
667906	7339
480472	148
332551	134
271546	2715
344976	674
596123	5381
550789	654
719827	7759
822047	1474
376856	4243
272607	3028
846780	116
478992	5504
885894	1427
320097	5423
275756	2681
156697	1758
452775	6069
543204	1192
914026	751
590400	2225
405909	2354
769996	266
162416	850
456400	139
791037	1846
707750	5442
614043	852
531592	1317
623244	5009
672123	1956
122570	3202
623239	7366
247220	6254
934406	4695
732266	709
622129	3285
791041	1829
846755	2564
874797	1596
580653	4489
740872	4881
707765	6770
814157	6146
931632	7188
618132	4697
884296	6769
485254	763
931625	7539
918729	4988
554945	5008
982288	2826
720706	7538
361599	1456
185616	6506
829304	4969
830653	702
194014	4425
252244	6376
199684	897
229187	7153
809061	3898
622112	4090
628250	6186
267571	366
856054	2273
536509	4504
743740	2694
267570	896
844559	4067
628258	3437
918717	4347
259263	1378
998040	4750
330881	3393
361587	4470
618157	2816
786215	3647
229193	2071
418051	25
942652	4944
622126	3875
340510	6779
521615	5900
735483	7112
270078	5897
278333	5895
359601	2894
263412	186
554961	2547
280615	4321
184502	6193
363642	667
811292	4618
509590	6322
363649	6140
829323	380
179072	5983
275735	2001
110085	2433
948082	1569
291352	7171
150750	4030
485228	413
846793	895
550705	952
618173	6388
551834	490
244004	1442
302931	6133
171972	1611
940587	2831
814196	1505
356117	7481
523003	2897
625472	1236
628245	56
716072	1759
666857	1096
926450	5274
270095	1019
462131	4672
999003	3158
913931	7799
187842	4700
471688	3224
675869	1516
171957	4900
505526	4761
105281	4085
807439	3565
812747	6678
734435	2666
422547	2229
466475	7816
356067	3905
775163	4217
215360	1404
183462	4371
695908	4571
422550	6737
424691	17
573992	4859
372549	7703
625413	492
657005	3859
485428	2114
815708	7855
156615	6980
119026	7436
471672	7101
509654	90
272563	7861
628177	5766
474289	2509
222944	4493
174916	6774
309340	5974
267526	824
408477	7296
372534	7066
286481	3179
105263	2984
579543	659
900637	243
674312	3729
230460	4903
379752	5886
899499	1630
234497	6265
155518	3954
795451	4757
899491	6962
442602	7175
191269	491
178393	2326
743825	6054
327428	7838
734448	7276
191265	5735
114875	55
372523	3552
365875	2783
494356	339
877488	663
247181	3935
578081	3600
408450	7376
834950	4122
220520	869
970796	1445
737627	550
421586	6566
455031	5853
655779	5696
260167	3779
466431	5542
250752	1219
831788	1728
509627	348
259310	4977
483950	3271
421561	5144
171914	3368
832836	3270
615548	3677
105238	6027
122573	499
439677	7541
846734	3318
623270	3679
222994	4566
846730	2741
471634	7140
578066	6902
346210	3479
738788	6913
183437	3291
707659	1352
183432	3040
780419	2757
133569	7550
587731	979
222981	6539
440351	111
899451	2506
162352	6157
993711	6840
582335	6793
494392	4927
874875	1347
402359	5024
458632	3277
677935	4731
310023	4827
152939	2341
783005	6289
874864	3149
398657	6078
237813	632
182330	4707
815780	6984
633734	4643
583441	7340
607330	489
408407	214
293529	5636
383309	6220
421513	6580
985150	6805
748282	7391
433056	2557
794386	6059
357197	4597
702394	2841
607325	2236
870626	5596
380429	7231
300784	2332
519346	1116
486956	3931
293514	344
470021	3706
470025	1853
831738	1745
124198	2592
888567	4331
519342	138
985165	2940
838910	2788
336968	6876
876238	6500
607313	1825
552928	4002
975815	1955
329436	4774
736512	1217
203787	1243
236794	3745
307128	7656
954484	6955
378626	517
843050	356
966197	4784
311591	6445
957716	2656
321084	2679
840080	1166
803217	4765
329406	2996
420029	7650
316702	6785
803211	3748
803210	5860
488033	352
843022	4336
441456	2253
181366	1331
776258	97
124135	6903
151432	3614
880389	3073
510519	2671
391736	5257
619730	1112
195021	7483
815758	5615
307143	4974
180248	5337
562124	5054
441464	6778
863786	605
182384	3180
807469	3831
986655	4979
842280	5250
608958	7027
984492	92
564338	5825
729275	3538
195017	7037
863757	5986
488013	5410
517899	1801
577288	6221
748229	6493
611812	2212
738735	1256
156605	192
156604	5390
643288	5916
956230	5141
527411	2049
967201	7500
586665	1962
271491	6314
508102	3504
148873	1354
513612	4913
548909	7041
611822	5978
389002	1056
641830	2158
918696	3995
502523	6139
304070	508
731011	7713
636622	5424
506982	1557
292289	2046
433219	5152
380290	6802
773530	2561
532240	3432
792840	2569
239905	7477
866995	3860
164610	7848
671131	2403
985099	3096
366891	5005
927666	506
380276	6387
394141	7647
603132	6232
792838	4527
566434	1481
197417	700
952191	2300
934362	2363
361689	5360
740913	7157
547253	313
197411	3499
669479	360
103214	7193
829460	7731
575196	7245
296887	4485
423445	7619
276923	4812
504067	4971
263341	7396
277113	3722
130575	830
527554	3726
333564	5598
110177	2146
811352	5526
863748	3241
865881	1415
343206	6548
629232	1486
733260	2069
842115	6447
232330	6288
304088	934
244153	2799
789175	2415
380255	1030
687267	652
724917	629
351985	2283
141808	1656
232323	3602
532233	4063
128766	1772
536661	4158
130511	2864
748079	7033
501034	2834
249281	1154
915220	1142
108342	4832
968454	5427
607109	2767
535522	6100
945391	6282
479930	1819
460704	3145
290199	7266
481035	807
141869	1291
616925	4648
492006	7240
128751	959
141860	5535
110128	1562
550661	5109
438689	53
693862	7249
344852	3435
607112	6066
425709	2818
593008	840
232381	4131
773586	854
664832	6848
678727	3091
508165	5041
664836	1150
915246	5617
577450	5665
636683	5405
988709	2454
527595	4101
510372	65
748093	5836
524262	4963
130542	4608
927688	4096
703906	3836
383509	3772
128731	4203
873332	394
313878	6229
621197	2242
845321	142
823006	5058
176010	2272
740932	3562
935877	2244
671108	851
751910	6106
719922	7417
344879	3369
724989	7222
754613	1874
814048	4934
359522	3570
408293	2842
458667	5873
988728	7637
877519	1948
536604	4556
923354	5878
162328	4535
893854	726
753171	1358
622248	6235
639491	2956
673533	4861
220494	422
913863	5495
768314	6544
485149	5127
691361	2616
333513	6188
858105	6681
693824	2467
906190	7881
438641	1277
267699	6743
707642	6645
666934	2678
846868	4156
554824	2735
692787	7172
603182	2793
315964	7180
485170	6540
255112	3959
202271	3147
969569	2323
988748	5887
139171	3541
159928	4047
923377	4343
664875	3374
866941	4384
844637	6929
612738	6473
786154	6472
359531	1626
220475	4502
859650	5148
913827	3784
934305	6924
109427	4179
561385	430
725953	2748
242826	5841
172863	5391
914145	5074
893841	1552
438614	4021
735569	5932
713276	7357
350963	217
718401	7097
971366	2483
604691	6788
142928	2033
350962	7622
623320	7367
793936	52
908283	5643
213058	3389
554852	7491
801859	4097
724950	7695
505412	1472
904944	5369
496386	6365
438602	6415
716195	7372
814077	7201
864803	5319
185743	1971
107515	4441
904949	2206
315916	7756
603172	6792
107521	5215
249215	2412
150880	4065
185730	2704
199568	4160
219771	951
723839	4159
528646	5673
553946	4938
931780	691
528644	5415
715398	2840
666987	1537
270184	4928
671186	5770
504024	6093
877586	431
773508	4659
452613	4344
657169	1885
969595	2288
185728	4280
691341	6700
567989	753
618034	477
233411	1255
773515	1677
105400	3664
492064	1462
754694	6246
628142	3293
346282	7889
725901	354
812826	1450
568879	4272
879712	3017
916427	5464
215259	5956
565790	5223
565791	885
657104	1193
620088	3823
967354	1357
307079	1607
424597	4447
628036	6564
982210	5783
916438	2287
841098	7156
280530	1091
729121	3687
815614	3174
572911	6809
657116	839
594596	3901
717711	4942
729124	7742
657112	5919
743711	2479
666891	1504
707595	7088
208015	4212
666896	1283
973503	3885
439766	6355
846807	1789
448172	4544
310130	4523
471561	5826
247091	3030
422428	2562
887143	3863
675745	5376
788324	1125
448177	1282
295880	3720
379885	7736
309216	2276
442703	2366
234588	6877
561306	1802
959010	1564
365774	3288
267633	7474
350855	5945
308103	4871
289440	7594
973533	6124
448186	5354
747048	5262
456474	1011
906123	1405
422433	5399
647485	633
160120	7693
171826	3848
215256	7326
798006	3462
235646	884
715471	6561
582203	3775
311649	2626
419435	3163
439743	758
775036	2631
311643	2174
341988	1271
162235	5567
926611	7671
590224	1992
312299	6203
635125	5208
720564	6273
402474	1362
655641	1814
942595	5588
402477	7598
125129	1041
967394	7120
572969	4837
582210	1238
379840	6111
643317	5453
660431	2829
973551	375
467631	3051
737793	6134
533843	6459
198451	270
942584	7748
365707	6334
191353	7705
814127	5420
583934	1122
970671	6691
494245	6868
494242	4596
147432	1597
509742	3947
142853	163
756017	1689
147426	7322
202362	115
365739	3237
754722	3911
666070	433
722778	5703
105352	6169
297973	2898
768370	2756
142860	7275
655667	1408
295837	4029
819712	7737
260056	1655
895315	5135
204496	4006
655670	992
780535	1397
715434	5697
715431	6556
923290	4585
674255	4909
230582	446
204491	2908
105349	1534
953293	1294
689494	2378
223946	908
956143	174
823871	1845
586732	1771
124039	5676
823873	5737
183520	2795
715428	4330
407294	7515
952108	4039
163046	7043
480678	5132
164572	7351
410856	6846
687318	1723
454080	783
807377	2014
341945	3545
722721	7190
378748	2230
549375	7426
736616	4588
601622	2082
941012	4187
295817	7587
441324	73
815694	923
717796	1657
361734	5891
546531	6056
731098	2232
709031	5105
266100	2193
520379	5226
103176	3317
738884	527
341954	424
899520	1494
509715	5185
818644	7667
706457	6281
736604	1757
794256	2832
420107	7810
266106	7543
607215	1776
101016	3582
337912	3415
366825	1104
818609	5048
818619	680
386240	4345
163023	727
216007	262
425615	6034
296931	7206
103164	6794
530049	361
798087	170
899512	3454
378765	7422
344846	7119
941030	6174
234512	1991
941036	2446
245607	6608
467649	4694
136260	6037
136261	3568
731079	6521
474322	7498
489646	5079
794273	781
975945	3263
807386	1824
662671	407
549348	3598
959075	195
694910	7219
729156	3121
916469	18
831606	5437
201665	1435
798021	1570
633683	2565
474398	1539
471581	2051
250807	1909
488140	1119
986508	2801
307042	6338
314339	3595
825022	5418
506944	4711
798034	459
201659	204
794252	6043
286531	2775
823814	6456
593068	2373
678669	6315
286536	1460
590293	4733
180116	2718
546545	1674
223923	425
862488	2208
425662	4440
180112	5060
957657	5768
419461	509
959056	3154
556098	668
794218	3577
360174	2406
170740	818
738826	1245
717743	4595
591859	1813
506976	6318
470199	698
486866	6866
676557	2336
402403	1067
402422	7373
706487	3211
600197	7859
870788	4408
556087	1897
307021	5112
366853	4469
286552	4685
929118	10
644428	202
898095	4822
101056	416
137750	6070
679738	6816
202941	616
633577	4925
196260	3489
297479	4433
631049	7451
168808	1572
508605	5680
751466	2391
258469	1809
431934	3928
782116	5409
717879	607
305141	7463
354104	4738
217651	5753
836874	720
101189	7200
560566	3302
974432	6683
679746	503
382377	7440
594190	1196
739964	3829
174163	2524
819683	987
594197	7141
235334	2156
732808	6435
235336	2966
387585	537
882884	2018
235338	16
310763	5620
633559	7764
425263	2461
384397	4615
732804	3003
745103	213
613929	3093
471473	5483
620569	7880
630457	3673
648352	1610
687628	1629
418961	1765
291934	1782
415983	656
689033	688
120962	6763
753709	1769
719210	5828
120964	5830
732815	7505
836899	819
778269	707
776002	576
354126	3752
113427	3864
560582	6550
971940	5494
824951	7765
196019	3424
354122	993
824959	2219
697074	2085
217613	1334
594173	5769
297469	4126
897925	2860
499231	4199
287062	7797
310747	48
426730	3255
776011	3975
538526	5056
431963	3766
803551	4987
897928	3857
131023	7846
511757	6077
540127	2947
920913	3230
415957	5968
425228	4099
471494	756
453630	1935
224543	5202
367940	2002
242377	3332
556965	1374
897991	3891
278917	6638
489738	684
339247	1761
422722	1429
586851	1138
860400	7146
821662	6187
323225	3989
855909	6044
230614	5097
681971	2719
782166	3221
374821	7845
382321	1837
566275	2425
630417	4007
422711	81
136682	5644
306603	1785
396118	1585
313027	1199
363902	2297
383210	1786
309485	2172
235369	794
632544	3961
513868	1066
566264	2677
238134	3116
277407	3523
399143	1743
876315	3914
467456	4050
309476	6476
584616	5657
100009	719
259506	4867
582643	5847
754816	5506
644171	1241
445863	2227
204115	5447
373726	2528
399156	1966
274600	5018
178477	858
805946	1017
340088	4792
119240	7574
494155	5003
278940	4206
118117	6543
840566	2567
571811	2820
982515	3744
241275	6086
306662	3847
178495	6331
426793	4696
597816	1045
952830	1114
182550	4800
440586	4820
817168	1014
274611	7605
294799	6592
458402	2309
889168	6577
193518	1696
149696	7314
465287	4716
832618	7272
159077	1392
372637	3029
883921	3944
754835	447
647218	232
634600	7438
236981	396
642005	3883
311871	374
411830	4382
789662	4545
494139	4992
749424	6948
127184	3755
681994	6300
959272	2648
949988	6028
221727	6833
498186	1893
949983	6201
327108	2118
727313	165
468037	606
930479	4252
125036	4499
486405	2796
567357	5179
988263	2005
329999	4003
716780	3006
125911	4142
634656	4300
971969	3929
498154	4091
816007	4401
461783	6646
797358	1286
155804	1589
327149	5282
163574	7234
390592	2858
148531	4961
997838	4810
973338	5406
962169	2782
948831	5426
564833	4734
451347	7054
294535	2944
647296	5092
952865	6277
108703	1098
410351	3675
548259	6328
957107	1868
472570	3685
135549	2953
192039	3274
173092	641
328827	6549
581134	2291
451353	4151
752585	3205
201015	2327
923030	249
720332	6113
789620	7213
168863	7803
701139	3105
989892	2088
221761	4583
193570	890
359670	1666
797327	651
201035	7018
359674	3331
803508	1314
808608	5883
422786	2821
875274	1931
135560	7589
544336	7484
857076	6009
701724	881
797426	3960
429741	4635
221562	7718
344335	1446
523242	5094
206646	7507
530651	3226
133392	3518
939024	4216
939028	4402
709519	6957
144171	4337
240039	6937
705401	745
724823	4789
694223	2511
241204	7829
436470	2543
430888	4054
430886	3057
186861	5164
608292	4478
302708	5709
273040	561
711019	1644
108606	4539
769654	3874
865226	4998
977421	2261
684945	7230
553773	7666
121609	4218
649409	2099
223007	3055
911468	2087
458335	3191
491166	5648
221580	7786
226038	4550
709536	5573
170299	6015
612523	1690
977412	2584
724848	4103
121610	5981
997929	827
691672	5870
595605	961
451319	4053
325439	7418
894132	732
894131	4540
548210	7132
216621	1521
970053	7229
105641	4570
912104	5100
486428	6443
436005	1149
952908	3649
178443	7306
223032	3194
152222	5788
627051	6420
654604	1410
664763	4226
912100	5090
960654	3783
408185	5429
117948	5440
534412	4258
960657	7271
579811	1577
241233	5299
768517	7740
104505	3012
170249	2632
990583	3330
872097	1171
774810	1551
437954	3830
199026	7529
580429	500
440556	4749
199028	4452
273084	3139
579800	2213
801301	6382
970039	2451
345832	1040
414417	2885
768501	1366
559518	2717
851590	5503
273066	1307
640852	3691
640851	495
447061	3161
553733	7022
534431	6258
345849	564
133376	3460
858503	1344
366401	3663
571912	7652
705459	2600
686498	4360
754767	2965
465198	6711
465193	2066
199011	5817
284972	2355
534413	3106
178455	2296
342205	6012
191511	5010
684911	4318
523296	3015
552277	6922
125973	421
949899	3132
429734	7678
846483	1278
623566	1939
396194	1638
626369	6661
712130	3858
947747	3496
637939	4416
630398	4894
753658	4985
433302	5076
928075	7770
944310	4818
944311	5133
704340	1398
374909	7203
936964	5150
648302	462
854422	412
473649	4264
130343	5715
672677	1121
260838	7151
511682	359
626359	4307
803489	5664
704350	4833
712126	220
533302	7205
321022	1741
505374	1148
879061	1542
637954	3811
382420	5969
854439	6803
242343	5140
305196	5651
776092	1675
635718	4592
386555	3851
599932	5284
650972	2270
116882	7473
130328	4387
836818	6442
177376	5558
598490	2126
854428	6329
550999	3238
302767	390
499185	1068
675145	6302
219314	4394
506442	3336
664711	3407
774875	5613
637976	1290
879084	4390
854432	6234
473690	8
351409	7769
781439	5616
702821	871
538581	1320
302735	6226
540082	5011
525589	5734
580492	3123
177317	2094
164735	1145
433353	1399
936923	191
328265	3555
273003	1856
879035	6296
380158	4973
745113	2941
801384	7681
781429	123
958216	3164
683486	3421
726172	4886
751543	2903
258398	6040
491189	703
371609	6974
134482	2456
324338	1583
944332	82
358665	6364
257325	3591
260805	3306
330544	5660
366490	793
256286	3725
767458	1188
854487	2302
578792	286
169509	3304
249050	6072
151113	6228
503067	6643
605388	6052
369424	3417
305165	2812
436452	7821
244578	2962
257322	6046
318740	6504
767463	2508
913660	1339
665888	4723
527607	2205
566113	2110
687503	6981
294840	4902
905779	4839
507450	7493
454197	4890
113303	29
305001	1418
955578	3133
948725	1987
193482	539
882993	5943
308097	2545
330456	3805
817237	2850
513948	7133
779040	2909
148460	3987
118280	7235
348615	1308
148459	7040
719105	2164
695825	5169
235438	1284
556870	5296
689129	1598
380123	2154
369249	2347
538673	168
374978	3130
389818	2092
538677	1982
718020	5168
329818	2368
308078	7860
513980	305
389812	5723
225916	2794
672712	4930
556887	6036
578573	1330
766422	2888
687511	444
324560	4361
489814	6870
538665	3283
355589	1671
355586	7332
556892	6433
631163	2643
626404	4631
981348	4853
288098	7341
467351	3380
444682	3445
224452	3638
905731	6357
369276	5157
908421	2141
492891	4428
739811	4813
430909	644
377576	7716
839994	6749
958077	4237
310659	7256
289294	1558
293100	3257
868177	7282
697156	681
668954	6723
784100	4561
328786	7609
584737	1920
527665	6649
966588	4057
224458	4381
425364	5880
836705	3439
157926	6108
650864	7410
540004	7395
630510	6559
687568	5364
453519	6969
365006	5730
560404	1109
196338	7639
661473	1272
965084	1720
275160	6209
594018	2427
607427	2492
679666	4745
584722	5519
810982	6728
991905	2009
876448	829
324526	738
821795	1094
538636	1978
698720	1672
374937	4975
459611	6013
630507	7645
908412	2138
118267	876
212368	2822
275165	4407
212367	7125
582798	770
959175	6630
955560	1798
962202	792
384234	3225
136789	3520
225968	1698
793029	4109
196346	5278
580604	639
208735	5243
943356	5801
521199	4188
146253	2096
548176	4610
241192	4282
155747	2934
895816	4174
567242	4367
673811	1738
411716	4355
203933	5040
313195	7579
437936	6242
652576	7186
182650	3532
900404	5355
370623	2184
182652	6233
709704	637
709703	5674
259675	4722
146234	6626
232671	167
609971	5025
444610	6744
875358	7338
185174	5948
425311	181
521170	1998
977598	1253
355517	4663
476866	3359
146232	6143
159173	1693
470320	7028
807961	5545
118231	1273
437918	7423
470328	7437
651953	5566
789745	4386
182671	1941
208723	3815
820295	7815
259647	5808
338273	3039
673841	3279
895842	780
912143	2857
127036	5222
969284	6584
232631	729
959122	2716
465107	1851
388784	1600
429691	2987
707430	5699
548137	2811
113348	1400
959127	5505
561552	7523
355584	3195
472441	3563
403836	7108
312021	2259
390694	832
579670	7634
865391	417
647385	5582
594081	2848
959114	6621
667433	5944
634508	1887
789725	4770
959117	427
472450	4625
667425	6824
904696	6511
359789	3884
507427	4706
421001	1321
660301	2560
365088	6079
232611	4305
498035	4687
969265	5069
800096	1304
236831	6104
701006	291
764355	2192
934924	1085
498044	6531
686430	5659
962283	2231
204201	6163
707420	907
216673	6736
667455	2195
894363	5706
149527	4018
488725	4692
889001	2133
168957	7828
769790	1115
213414	6485
624934	7192
373919	1025
263634	7835
671097	1173
216729	1950
789810	4908
153578	2389
227053	7472
789801	4396
831030	5794
553894	1287
623493	6026
537116	6210
985808	796
334949	3060
344254	7361
611105	5565
491285	120
177404	6541
762147	2668
123874	6898
947674	58
707518	3609
441907	6311
509906	4234
705549	5934
105523	2617
612602	6280
923023	4516
328800	4567
534327	2331
762116	7689
874245	1848
923025	3212
524889	6899
873196	3955
108510	5930
709644	673
536402	2803
861618	5593
691581	3362
707506	1781
439172	7299
441916	1613
388753	1439
932700	4064
768696	4921
328810	4449
182607	3065
410128	6615
503198	3383
628651	521
769767	1069
640987	4586
734127	6821
734118	6417
523354	6624
960745	7047
342391	2040
537140	815
913716	3420
182604	6813
623467	4495
727145	2387
635644	3422
708173	2392
858617	4579
465068	4155
623447	7331
891385	7734
186718	1126
946513	5460
623453	5755
123828	1507
705577	4918
325589	3427
892165	4163
372840	6572
331959	5308
844878	2824
178574	5292
206506	5718
866843	419
486577	4680
261543	6855
877680	2575
686387	3665
754879	4498
345735	6274
186722	1206
646411	6917
345739	5575
123830	3973
840718	6256
133488	6082
458404	1855
802297	5751
857155	2785
480299	4709
768641	971
249113	7540
604121	4409
526995	4941
724739	1804
795047	7107
504207	2724
170121	3671
636706	2623
762167	866
719191	3436
290300	6164
274403	4864
414313	6215
690361	3796
220187	3742
372854	5578
484164	3519
171641	4400
866859	257
843732	2882
476825	132
769719	6335
712271	3838
511774	164
586957	2571
242225	1532
767526	2579
772620	6784
467268	6170
461918	4778
712269	4821
669641	6881
177491	642
607360	340
702725	3587
343419	3606
650849	841
121580	5931
487663	1083
455744	5139
330404	6360
646403	346
596246	4352
781354	1390
910060	7071
328180	7873
675006	3384
596253	2605
526945	886
293045	3159
480258	7706
480257	5745
866894	5655
928182	208
120901	245
756956	7661
586945	228
573047	3548
331925	4727
687491	3907
726095	4393
500046	2432
711191	3461
246247	3585
302667	1257
506303	1565
283989	162
246251	4843
246250	3377
509972	6862
730064	2530
573051	1072
357004	7435
774978	6425
963793	4306
784059	4015
538685	3429
369316	1996
219227	3329
730058	4617
608363	7327
217816	1493
525473	933
386406	1060
371705	7486
665770	7516
781328	5335
120925	689
910008	2856
756932	5744
194979	2513
873120	2301
249162	744
881924	4137
589182	2081
913748	2149
144088	2771
197912	677
210607	1152
386415	7439
730026	2340
584795	3313
436316	4636
683363	1942
480219	1214
966518	1546
531873	2260
491294	3494
559451	6344
976029	2267
911559	7150
469505	2542
206576	4937
397048	5819
220108	5921
276605	2475
547019	2200
436304	602
874275	6772
908487	2196
446047	1836
879144	1080
702703	7181
426919	4869
974617	7611
619316	6248
584841	329
581319	545
704033	4577
305346	6253
522384	1209
310559	5439
131273	5754
193381	2536
556711	6938
119443	2411
661586	2900
985485	6408
723581	5
239496	7163
411614	3672
612372	4984
707145	5187
619305	3967
305335	3986
851806	1265
212011	3603
212006	4481
272198	6422
985472	2269
913351	4084
928274	4353
328420	5458
676857	2490
691949	4231
225854	2469
384584	1779
101365	7648
719411	2761
680679	5239
219195	4357
212041	6952
908781	4795
219197	7445
450065	2405
302446	388
541441	5297
765048	2852
915604	5507
566037	3346
377051	4437
104289	1391
809969	2990
566035	1989
788055	2758
163397	7795
691919	535
913386	3714
488477	4804
763112	3134
219189	5350
668843	3497
120755	4760
341394	3129
919572	3608
584852	6301
564696	2484
138842	4724
183862	6864
426529	948
913372	7035
387355	7707
560326	7080
177190	3655
556760	7850
319114	1857
991824	2971
305388	3643
821875	3624
422935	7528
973135	2030
202701	6595
489946	2316
411658	883
177189	4010
822917	4052
471215	5091
183843	634
102805	4748
578448	6633
860686	928
190238	1387
355466	4664
966446	887
202711	6494
175976	3005
986961	6532
738677	1922
271028	4914
328462	6064
765013	1370
358359	4823
536193	944
660087	5277
726034	6101
134617	6130
882638	3797
217874	2167
193367	1847
778025	1451
633304	47
387341	4250
765002	5265
928207	6963
302495	1869
876590	4177
739734	7701
973116	4315
986931	3544
592189	502
563150	5022
112151	4448
868012	6475
471242	7664
908750	2010
381063	4111
788004	7170
854289	6666
422905	2264
819423	2247
104251	666
809937	3056
819410	6628
391888	4461
482099	6152
934807	1211
267990	7633
263826	6065
719478	7089
529928	378
452349	7512
817377	3050
783448	6632
382193	6222
381060	568
370797	6285
228876	3325
448735	4515
328604	873
328606	294
797111	2651
377001	6965
241080	4735
973102	363
319168	4616
817364	2123
607714	3661
575674	2349
430613	3573
267972	3927
216313	3101
652672	4654
982796	4491
749620	3654
687826	6682
595491	2639
174374	4058
228888	1146
188008	4676
634885	798
821844	2838
368020	982
943426	1635
425412	6586
667784	5344
135305	290
182747	2700
738639	3258
805771	6502
471206	513
738659	958
448751	1183
499424	4901
771892	557
739786	4385
368034	7113
370788	643
715120	4603
846198	4429
309636	5929
606200	6697
555146	6747
225884	3165
698894	4945
673956	5474
132354	4836
119488	4257
613747	1702
205482	2917
319195	4632
901689	6427
783486	4245
943496	2589
425434	3768
466117	1943
468251	2266
261559	5064
880762	949
225890	4910
886030	2787
807850	6756
368095	1361
325721	901
727539	7852
701311	2969
544125	1791
706054	4164
667776	3127
384550	3266
698897	4947
491446	7279
199291	364
297615	5183
757910	2482
667735	7228
504304	6631
385281	7806
282111	6083
796096	1787
132334	2151
391820	2313
818386	3021
408037	2203
847911	7513
982744	7239
575607	1073
727565	7657
206953	289
385276	5073
679567	1202
561871	3348
707115	5476
294310	4298
796086	7658
138892	2749
894419	2927
724687	5017
901657	40
932682	34
860622	461
444506	1251
310586	5671
384534	3574
757913	3909
960896	6553
940145	1841
752848	1898
206862	5123
846255	7877
133111	4678
977602	2382
429940	655
781279	59
615963	1586
891292	1639
359974	2251
366663	6138
595440	6003
436248	3749
754995	437
731441	6249
734055	5547
732576	3543
199282	5933
802153	615
279579	6404
626153	2218
123970	2699
241000	4014
240238	2523
626159	6575
221357	5875
221355	5258
946403	4117
912354	6704
907238	5532
430690	7137
534635	2211
263789	5813
713845	7517
627284	2805
437717	6181
537279	2712
398245	555
240245	4997
865418	5907
605558	2863
716495	826
375735	3333
847768	2862
690475	2720
944174	1526
440768	2658
624865	283
372967	3807
221391	4279
904610	2922
421084	2194
290694	3334
732590	2148
443022	1713
880742	7592
174425	5999
486201	1864
152481	2063
413118	5520
317454	6409
261661	4808
132378	788
188089	1763
166323	5330
534659	7501
474980	2337
486211	6432
160785	7642
669958	2762
113193	6797
635531	3246
122997	795
429982	244
977641	4543
448806	5283
318968	54
400993	5293
534691	5797
960856	3941
911234	5540
368136	230
279552	4943
486226	3968
247672	6127
615918	1364
934838	7421
705645	5332
201161	1889
580220	1349
413181	695
385214	930
626199	931
191777	6829
927177	336
178630	6325
769405	1367
589285	5367
504368	6961
491386	5666
847982	4083
188044	6925
197616	5305
731414	4931
599779	4270
755737	7069
960832	6190
664552	4417
430679	5625
903089	2463
963865	3204
925021	6370
746462	357
188055	3527
309604	5543
413169	7387
553527	2410
468319	1694
239505	4220
524543	2526
523499	4739
988437	3276
925011	1160
275412	70
482037	1156
178605	6573
244790	7308
275442	3855
892218	2833
533117	4815
264829	7142
892212	532
400943	7038
523437	2899
919511	7324
552421	7103
745349	5000
386774	2958
524573	5450
428018	534
559341	5904
578524	358
314943	7046
786898	6310
857230	820
872258	5037
428015	7777
619270	1906
341339	4242
874398	2169
995013	7242
745368	183
107031	7800
759135	6555
531990	2977
210973	768
538352	3511
352781	6613
870105	1770
870106	3758
506659	1182
256046	2073
786884	664
538319	7739
238411	2429
589296	1686
274353	2108
862846	5316
732501	4033
521322	2515
806818	676
899900	3872
170426	386
835171	1336
458130	2691
257563	6928
615905	2936
770753	7375
913421	645
806816	7370
189539	4444
210951	7013
874369	4121
120802	5339
262718	6159
474909	3542
121891	194
386768	1242
441828	5165
196513	5992
946467	3220
732533	1159
709361	7615
324163	2723
359920	2388
256061	5395
759186	2022
314993	1544
594348	2246
390726	964
801595	1465
456919	496
302537	6347
170444	6466
690459	1843
731479	7065
865410	4295
888282	3047
526817	789
164945	4372
891231	3443
235075	1916
456907	6694
835101	2165
441883	4552
865405	4948
964918	4829
903003	7011
919531	4674
109978	4689
497289	5007
262741	2537
105810	30
786837	6098
433529	7668
330745	6051
454598	231
690434	6061
170462	6451
230910	1784
928286	1432
881841	905
230907	2663
217903	7325
207955	648
217906	248
913469	1444
890166	3072
170453	1035
414212	6424
240215	6351
948561	6854
105806	6336
196550	811
605588	1210
205581	372
836975	7479
310411	67
293333	4241
829060	2764
628392	4679
660156	6629
899983	6214
507259	5371
302319	2577
347746	575
138963	1007
900201	4106
817427	5260
707285	3580
860788	657
584970	4658
789576	7298
648686	1750
411521	6136
578395	2470
104178	7882
766624	7255
138979	1679
259832	4578
819370	5918
681864	4329
901767	6529
521375	3853
676971	960
102955	3337
679421	1207
422855	2125
679418	2591
652713	1449
146029	6693
521380	7130
185369	6740
259846	4314
888108	7158
521386	7302
445930	4661
120659	4884
882727	7760
829097	1979
881731	3347
772800	1001
969093	6393
650637	4619
291603	7758
119552	2443
797079	5067
146015	6085
913477	5623
592063	4169
650693	2086
120608	2209
992894	5333
582584	2060
751367	4166
766652	2400
213644	1737
471117	2445
302371	6844
751371	1817
637699	7278
895657	7726
951423	1733
112027	724
946273	1918
332803	3698
575576	579
219029	241
149746	4629
974529	7260
545790	1175
450158	2714
594289	5392
164992	5971
720246	2401
804568	253
712403	4327
645182	6102
452269	4077
710712	1190
499360	791
235229	2064
539504	7303
661665	4990
637678	711
119521	5110
293319	4828
119525	4740
908608	543
690609	920
169896	5975
328353	2923
521325	2685
112041	5386
592090	1628
698935	6623
444447	601
354216	3048
444448	4420
704182	2778
371499	324
313336	3765
450131	6686
815306	846
817448	6463
900269	6927
981102	5742
915733	1039
556644	6976
632448	5347
578333	6781
518266	4193
869841	5509
881778	1464
328343	5417
738553	6516
399094	4634
354292	1736
522439	5465
952515	769
764129	4411
260498	7805
904444	2117
676904	6563
399091	5705
783346	5586
631394	1105
527810	7044
451233	1972
288280	7686
430748	3176
735949	5726
561795	586
488505	4389
152642	6276
163422	7032
135442	1822
744088	4575
263950	4281
213677	5170
735961	6460
739666	5731
288276	4419
882787	197
574003	5156
838610	5785
805622	4720
653845	4032
425509	4253
163451	5031
484312	4210
382067	5653
797002	5761
499314	2646
298686	2441
297550	3146
297553	6912
992877	2197
955393	458
955391	6891
333906	4301
974578	2844
954266	580
971846	5303
502275	5214
239524	4292
724581	3507
472677	5889
399083	5905
263937	3956
567453	5433
499330	238
186414	7077
452233	2204
309772	4277
366709	5595
952511	6239
840486	4266
567486	5146
432074	83
288236	7719
115240	471
876632	6997
338045	5821
168785	2967
225785	185
542803	6865
410431	2394
861369	5481
582503	3846
120681	3781
328506	6973
820081	1502
613653	597
132227	2972
749778	6312
432086	5722
263915	6569
225794	4128
504435	7520
957258	4034
954211	1573
225789	3833
727434	5301
992824	5512
422870	533
290538	7106
120673	2587
182894	2438
595334	370
132231	5985
653809	314
861353	5638
202665	1946
680778	6172
263909	1842
644051	4278
115218	1015
727426	4763
310475	7335
945712	1353
679462	6099
932557	4590
959386	5197
581473	4854
785453	333
797031	7379
448894	4497
234175	6470
807739	268
468131	3233
239566	301
423935	3189
155972	6826
959379	3526
224635	125
851722	327
957237	428
962002	7169
785447	5225
680762	4725
290518	6987
544024	6423
644066	3557
690595	7649
391918	5523
433601	7029
990685	6535
752988	1101
286092	5207
605430	3207
802063	3323
617065	3487
847643	6689
589326	7522
436141	4189
436140	5403
261776	4787
970197	7225
891144	810
990673	3009
947877	4124
838583	1777
686142	1559
440658	3083
596499	3710
990679	6607
211965	488
535145	946
929496	435
683191	998
385120	2814
769500	5937
474866	5949
116730	1411
669835	5086
907139	5487
694556	4105
615844	7813
240348	2800
388955	4092
606023	3778
992801	2249
303986	7124
199155	317
388958	3634
992809	4555
504452	6317
234090	1276
609673	4182
926136	6935
480057	7109
506599	4559
186974	5035
429819	3043
132287	2920
701404	3910
535161	2136
366773	1665
847894	5378
197745	5583
251998	2437
890031	4785
728912	5098
378808	7400
609661	2613
649347	1973
542825	3468
115144	5977
282132	554
269156	3639
342102	5291
261761	2330
276447	4976
375813	439
877888	7885
419963	4501
345527	3022
275304	4197
247574	2003
970153	4513
879372	6742
388981	2740
470637	1936
995121	3509
635444	4978
342118	1303
325795	3259
927271	3140
227281	797
227283	1599
877878	4477
552599	1176
113950	1197
437661	1492
851659	3998
448958	3897
345537	367
553649	2809
439383	1221
419978	3167
186962	4388
619171	218
805568	860
999571	5967
470624	276
400855	2334
470619	1970
617047	6946
430777	5630
227271	1796
113968	776
831296	4968
597533	7090
982598	843
419944	7055
847845	6377
331773	4932
344457	4233
163525	3556
221450	485
480096	7199
191647	7608
447360	3412
893421	5502
914563	5629
879357	6194
769516	7307
878945	4196
199101	5402
728952	3248
669822	5605
831280	4379
682034	2750
429872	1833
705767	3097
378846	2449
221431	5733
516012	31
278663	1928
447370	2397
535119	4118
635479	2250
467067	1724
238533	6243
411489	3339
995164	5681
456861	6568
516029	2453
175797	5472
630245	7002
178748	4492
913534	6029
317502	1963
316055	1799
749031	3560
888173	4916
978873	149
170300	3697
244685	5688
387400	6966
705737	6954
611300	7431
835051	3428
893450	6738
852756	2305
523582	3759
342162	865
857333	5717
713903	4846
411478	7456
913541	6362
948480	4421
261701	733
177201	3170
189652	6726
913547	5155
723403	6982
910251	7349
367892	3137
122820	1327
552559	3262
944204	1061
523573	7585
238538	1747
196630	551
467043	7289
639883	7663
919635	3414
911314	5663
205607	6696
347694	6857
345552	2396
220361	6942
516045	6867
377741	122
345547	2807
626206	6845
900189	2590
265832	3834
683113	3366
521401	3168
186902	6717
877863	6294
682082	4915
458278	3620
400832	4895
358569	319
915666	7561
645149	2147
815237	2025
389698	5855
387435	7243
907190	5172
630244	6537
363961	1709
645143	3089
900197	178
538479	1395
648606	956
538478	4079
351536	1835
978824	6746
526724	7166
637600	1394
207849	6669
829038	1372
605478	6949
539592	7672
196682	2558
324258	3119
170342	2978
836942	2672
242462	24
596466	5572
772856	7397
506569	6828
995198	511
291650	7641
995199	6583
109849	1129
801482	2792
538498	4061
884938	4546
344409	1653
456802	7660
257631	3832
526708	1168
302420	7433
291646	6378
759063	4773
516083	4838
516082	4693
755683	1778
919679	5728
545801	71
866647	970
619103	4548
552506	5366
607591	3397
570886	6839
607596	1016
525660	7878
302412	7210
884940	1095
884960	3192
672542	4793
927218	6010
881709	4055
262851	5255
545817	6707
264992	6131
436502	714
866665	5661
467008	1099
523511	512
467005	5050
704233	3707
846102	7143
131191	2189
872168	7692
231369	4268
139717	611
871446	7334
858961	1487
115324	1503
251961	6622
472116	7010
396503	4263
123373	2981
128098	4464
999640	7460
710694	2983
414913	5002
855552	3236
999642	2621
259996	4866
560965	4682
617218	3198
770141	5685
254205	5271
575863	2938
662164	395
406356	3315
682315	4152
621710	7626
629663	6219
876773	7535
925798	7553
967736	947
446400	3256
555347	7768
429367	2568
540581	2751
248979	1958
664277	7640
727799	1676
462801	6509
774193	2881
793320	7434
225669	184
633148	7291
522126	1748
119693	4276
517238	1622
997422	2350
342630	3990
277842	7446
638699	6480
752155	399
540577	6507
118562	7295
657696	1524
836491	2395
427112	5295
522121	1993
679320	7732
551104	3904
905491	2298
813215	7601
858931	2178
472122	1612
472121	307
876754	7159
179941	7312
760627	6091
101559	3575
945800	7868
684522	7780
837979	3583
464106	752
803972	7292
999688	2494
479291	2322
918221	175
406318	6908
809793	2628
192498	7485
837966	5683
617258	1554
659117	6799
462832	1350
331689	3966
684538	7488
415561	3181
479288	4398
484434	50
496861	3186
782560	3965
787684	12
999671	3553
858902	1267
322111	1555
339659	3678
656235	5579
731733	350
914789	3049
724489	6385
381264	4161
649851	3251
733880	7696
302280	4840
629695	5850
668679	2240
491638	392
231627	7024
231629	6536
836455	2491
123318	6361
905459	7394
867179	5467
317297	7174
805525	3771
493787	6141
338550	2359
175739	1467
653510	6887
338551	6676
634213	3290
465683	6461
392209	3311
774125	4162
428608	6604
259924	737
612173	2738
617825	2755
977088	299
346918	7294
836404	5521
637551	4113
733894	7875
866387	5362
663203	1071
323685	263
690729	7677
213748	5380
866380	6618
774117	3786
119638	4553
596753	3681
581518	2257
712521	3058
665351	1028
399548	5563
977074	786
817577	5531
668653	5936
891866	4744
849181	1022
503424	1436
751023	6576
905429	6612
784412	5209
576905	635
346935	14
373352	1541
462880	3969
872554	4040
617846	3852
612196	1289
210346	5871
933570	1235
763392	3071
790596	2636
699760	2254
917127	2137
637571	7121
303388	1029
187154	4582
339692	3086
799552	3373
962507	592
653508	501
885174	3217
693113	6333
139769	302
525154	6272
192472	2234
802896	7216
376116	7173
356702	1401
848063	4246
951791	7342
693150	2376
867100	903
448573	144
637586	1111
262406	1511
637583	5838
998971	4496
963290	1345
857871	3789
102603	4036
350356	2237
872535	7566
213704	7832
259961	7062
273514	281
283384	2976
917100	5557
343755	137
553270	1187
588469	2187
522147	2669
679301	3880
186386	7287
612148	2905
657633	4982
379117	7557
830079	7443
379131	2705
390981	985
799523	2093
273508	3731
769296	5771
515995	6919
653534	1914
821204	2312
978595	1877
830061	215
875669	4856
554250	3227
933532	5096
273509	7616
379128	6041
830069	1934
581522	6904
139732	2746
365351	1773
653549	6858
522164	4563
574756	7542
401796	2127
891819	362
848021	2968
883567	1164
198932	5707
961023	1882
541680	7586
227644	6702
614621	6395
883568	4271
418526	5691
768966	2606
570755	6183
514259	1406
171325	3627
253158	927
281161	1775
911882	6084
392154	3618
253163	3193
768970	3821
869336	7321
854894	3777
114170	5210
990147	1373
379027	5365
206261	2933
580054	4262
343792	6979
850553	2473
206266	2949
825679	4611
570764	828
584239	379
598032	7005
160555	4000
763407	1938
215916	6455
335980	6411
956918	1479
930814	1849
148044	6359
345471	4132
557593	1704
580041	4817
786601	5724
680079	448
169960	2293
921171	4472
821253	5789
959721	6690
824556	6985
663151	6827
127614	4135
343781	6033
543818	5198
549868	371
994188	1907
413317	3469
337390	5911
869312	4069
300072	1980
827013	2190
354516	5712
385823	2012
976374	7095
352556	5043
233832	2175
958661	5767
958666	1862
714730	7015
194667	6831
602260	6654
817621	5288
334431	7258
543807	7198
392189	1574
281178	1389
348223	166
464091	5461
436899	2895
343766	7030
953976	6551
345492	2830
318311	389
924133	4565
864171	4904
318315	3201
215936	2921
156082	6873
553303	3395
976382	4532
599505	4630
233867	6880
920025	46
839372	7604
409347	5777
921156	6132
990179	402
587181	7218
367551	3456
910390	1961
963216	6939
268380	252
897463	7552
903210	353
194605	2730
206220	1688
134003	38
810694	1951
367559	6021
446398	406
175652	3683
124860	1077
126103	660
316194	7220
198898	4999
442139	3739
424124	5093
880919	2377
576939	443
847133	5389
841696	6836
990164	3559
995274	4841
592372	6142
861970	3601
294068	864
352517	2104
116437	7280
153262	1208
525122	6148
390905	3705
838296	4529
440921	7817
175673	2039
300020	1263
964717	3529
584220	5982
592384	6617
911893	6547
193904	3438
134045	4466
269473	3626
237038	7355
889574	1913
730342	5650
401809	6668
902129	3549
440999	5099
920069	2262
708468	1812
599544	3335
731627	3922
741856	4127
544890	1854
127670	6659
299705	2290
103782	2325
722241	1452
980452	528
196704	1237
207796	7453
184158	559
417481	544
965555	3776
741844	79
440985	3433
207799	3930
445336	5346
349765	4275
368344	2693
117544	5361
853385	6571
301122	7629
600725	3052
309837	7194
407838	6439
853388	3037
827088	2357
797898	833
741834	5368
258807	5832
254269	5851
965541	1582
149197	7864
349754	1692
454761	4023
955847	658
337323	863
156024	3615
345401	4721
156031	5600
794837	7187
487145	26
585783	1018
443215	4016
767880	7699
737336	84
974060	3630
851121	2346
599591	2995
504562	7454
190845	969
599598	6129
381338	893
451739	942
778645	3426
953992	4732
424187	6679
755504	7526
191971	995
824572	6599
104973	2580
646793	4857
176781	7823
499604	7872
880969	4564
526628	2612
890399	1223
149134	4457
739486	6923
974078	4473
778649	7224
214829	3976
575833	6031
544840	2348
194686	269
853326	6349
251886	4639
542721	6751
890368	4874
545919	2409
785480	7257
115289	7333
237013	1878
922764	822
104959	393
854866	3234
270727	4312
349790	460
301155	5811
507940	2434
939472	4649
507944	2047
889501	342
400764	6081
995200	2533
433728	7195
677196	3370
342680	87
191980	4965
854876	3166
226489	5379
120436	4573
551238	5435
186239	3209
139817	549
836383	3
836380	3597
120434	868
174464	1254
188312	4862
177934	2058
226436	3235
631578	5359
212747	5478
638570	7675
960200	1421
876867	3985
947150	6119
813334	1048
727686	1355
997527	3108
186248	3809
684437	4062
613410	1064
315106	2684
782414	4460
188320	2534
177925	2946
459185	4100
613409	6345
741680	1490
894767	4940
997531	3982
633034	1179
816552	7470
239317	1871
561962	5416
922829	1866
981746	6557
782402	1974
499528	7227
298496	4019
468371	7534
555239	5879
822867	5372
633049	3324
468376	1430
516943	4507
515813	4157
733925	5669
652122	6348
462916	3886
561974	5854
981755	3001
813351	619
525099	2763
981750	2258
739436	6514
317399	4222
609501	7336
918311	2319
662036	4628
621836	7252
120475	1820
429203	3943
777063	5577
123202	3214
871346	5914
922806	6371
822852	5528
589607	6524
373436	68
876839	4087
849264	4528
123430	4145
922811	105
687939	1917
904217	1834
936585	599
648042	7503
470790	1338
498499	5259
470795	2754
434982	4415
376056	3131
947117	3619
837861	145
782454	242
248809	5428
733989	2859
882122	7610
656125	1860
769343	4238
805407	4434
642327	474
664114	1240
867050	5321
871340	3404
512900	7506
495875	349
886145	989
465593	7670
261023	3906
228527	3939
749987	6554
886105	5138
871368	2447
298462	6207
388312	88
882564	6429
374544	1953
373412	5560
504606	121
299909	3399
876854	296
684401	609
127477	5032
445300	2129
853292	2043
376077	423
908810	2476
621805	1952
595161	1911
143843	1033
907766	4782
188378	1102
724345	4662
188376	2498
292968	4860
588509	5160
461423	4600
633006	623
951693	3210
849294	22
461427	1315
656100	3635
782438	6006
589638	6741
101665	4143
633010	3068
905354	6353
284550	4
771505	318
284552	157
342744	3787
960270	409
443091	2144
145105	7261
373482	5970
303256	1715
751140	1831
490943	3260
866477	5087
114341	7348
534857	4045
444229	520
848179	3232
403493	3590
799436	1106
610052	128
465551	682
175620	5649
856973	4370
587122	837
116497	4983
774477	7709
523803	4180
129037	1880
131327	5212
574676	6945
841800	764
187283	6252
555298	977
365427	3338
192353	5120
891765	7382
173395	5252
476486	2067
808345	1089
799460	5042
648024	7785
907728	5302
685980	177
917258	5634
665222	2573
690855	1433
616276	5877
614512	1165
350273	5739
808114	7784
277776	966
303289	3402
244881	2440
724396	37
303283	7269
908846	322
911916	7428
875759	750
373449	7694
596637	1695
933448	2662
790468	2550
793491	284
864255	4772
588561	4736
404978	5527
751189	2140
503582	6538
693296	3517
316215	6396
743191	675
629735	5823
612277	4284
610014	7136
102706	844
113751	7662
685995	3464
850339	5190
742758	6088
323567	4356
727635	1063
812236	5689
503573	7607
393789	1691
515883	1627
148030	3592
508946	1576
498402	536
637497	4746
650408	6688
318464	2950
917205	784
714881	1766
248886	1090
962673	3027
362169	4834
746949	2875
319219	2286
911936	3659
944840	5261
947199	3500
522288	1422
393775	7009
343864	5758
114362	5786
891720	5388
138750	762
917216	6585
490964	3136
809838	3267
235022	2226
913235	6110
379229	4198
710528	2501
536040	1753
324995	1912
438983	2726
210205	994
253244	6636
102725	5026
946082	696
850351	590
997553	2202
964909	4888
891714	1632
129055	4133
891712	2734
522258	3114
449754	7509
385819	7547
229637	2103
393761	542
637479	4378
235035	4256
999707	7403
581675	3301
982845	3767
139865	1673
447606	4889
350243	5959
536059	6762
269927	3868
976483	2198
714841	1123
392060	7248
116524	3651
451839	3467
167022	4354
580162	7545
645320	2654
409206	7600
890292	4547
554200	5500
451832	2988
704015	1280
645318	2477
173441	2386
808179	2233
758027	7743
334541	5760
458057	7208
134100	453
116530	3837
976491	7865
742836	2955
352437	1701
266786	4885
576862	1070
171236	6765
580152	6398
250053	2105
175598	2028
345372	2307
279490	2474
287338	3014
366177	5459
919415	3997
763304	2335
966939	7565
860077	4887
369763	4767
458067	5637
113720	4380
559893	7854
190763	6482
819172	2116
685906	11
432765	6023
797714	152
569080	4533
841747	5939
848248	6087
393680	7390
758043	7293
503592	7050
759293	5602
646869	4967
458078	1458
382787	6154
576880	6777
262617	849
273311	3062
584356	6714
747605	1904
921081	7583
825795	5810
570646	6830
514127	7519
171218	1652
447517	2581
252856	4923
231598	2566
345347	3531
105962	118
379151	4236
627534	1680
576890	6383
587095	7858
634176	2768
440816	6412
680158	179
872349	7492
728772	3554
808393	246
399648	6760
663079	4125
171263	3085
411244	1259
458007	7555
154651	1605
764804	4956
283569	3405
543735	3571
946119	1475
812196	5806
490908	7053
980511	2728
841797	6241
366128	3920
812192	4512
614575	385
966982	5913
161705	2050
930714	1735
634199	4247
851076	5727
102794	5585
382710	2338
424229	5597
634195	6825
432725	6267
362101	7757
978602	6767
431614	5089
399620	1120
852522	154
875838	5462
962729	1
486159	996
755476	1274
680181	6734
418696	6208
196860	4043
411231	3951
697686	5947
553442	7728
534759	6279
758099	206
841782	5829
903104	3312
270884	7744
787863	2674
909997	4779
190707	171
825717	5700
910454	193
315192	3240
930773	236
559830	1441
355936	973
157550	7808
767933	1947
980562	4459
730490	3913
493971	2806
731780	2765
927046	5466
737281	7247
103881	7343
117646	373
406424	5774
121966	6486
156155	2540
279403	5710
965413	1311
835651	414
368229	1151
591182	1215
331519	3550
816613	2026
355927	3087
448706	3980
967670	7827
104802	1002
787847	2235
543773	785
677030	5310
196818	5698
500435	44
708581	3077
237154	7654
559811	6126
127559	160
294171	4436
454607	1141
963302	4287
226373	5055
577928	5336
829987	4790
838391	7155
805310	2516
299823	3104
156168	2777
617281	3737
682273	662
664209	845
955988	3668
133042	2176
184034	2673
825713	7182
955996	2089
955995	4338
157585	3498
282397	6956
599691	4383
117620	7123
161791	6416
880879	2268
309914	3481
880878	670
194570	4568
292903	3952
626014	6103
433833	3075
211728	6019
589579	4640
898609	1230
696126	479
121935	199
121934	6943
713753	6542
730436	1463
577943	1921
959649	1716
652024	3824
764874	4031
621789	7884
160656	4119
459154	3715
190737	5608
744245	4116
413248	323
176687	6057
631654	3242
284605	1926
292913	5275
334507	1046
729897	3042
849301	4741
117608	7796
764883	4933
445276	2324
191856	2027
902043	5814
274883	2638
309939	5199
766078	3090
294128	2918
361053	7254
105988	5117
221234	6055
621763	7495
778523	2031
103847	5012
355950	7147
787839	6994
279456	5763
127517	5973
592200	4075
368212	1590
223395	4645
400664	2610
529669	6446
296275	2625
299867	3321
855479	4791
739368	6731
288451	7253
446429	1531
835677	3843
820652	3190
454656	5320
907640	3411
484668	5052
394944	2839
317086	5353
642243	6602
684767	5604
589747	7432
225446	2992
370327	2633
429545	6918
537690	2883
416860	6112
157888	3053
882221	3109
331451	7362
429552	1323
974219	2171
775673	5227
426124	1201
947491	6730
445669	6074
595026	250
595023	3197
802679	2318
243665	4896
799365	7866
895908	2532
303576	5203
918448	5909
865027	2263
711217	6905
737084	2619
723192	6047
723197	365
679132	5081
865019	571
231859	2499
461556	4524
232981	5280
753913	274
212430	6156
251702	1588
710461	4104
843907	518
374680	7401
464341	4715
317058	6812
977207	4342
140884	1712
457087	5668
883726	5482
548019	1729
415784	7099
429577	2837
606672	4946
637383	3896
137026	1969
491896	4009
488889	486
980186	2029
980185	4465
752377	3289
744382	7402
157850	3610
659388	6266
355863	1220
789869	4240
651834	932
453043	5145
149467	6768
752361	7424
131620	624
481980	4302
557806	7179
298365	1329
710441	4225
476740	6910
305780	1340
668493	1754
682553	4742
849377	6063
205002	6652
681309	5358
656022	7185
464318	7427
978364	2372
769015	1788
302082	584
914987	2053
868412	6512
218010	4959
448307	3814
791887	6291
682524	6637
321964	6089
331473	2913
661124	5682
179708	7544
555566	1092
567122	4072
540348	504
988033	610
980176	1054
118328	981
659378	2789
231821	5601
981616	198
377408	2328
400464	2695
872965	5778
218023	4660
642256	617
354773	5108
124699	3286
384110	7563
326778	5912
872997	507
350114	7014
859890	6944
540361	3790
477841	6822
841932	6988
802600	4612
905648	6801
866175	6342
365140	4291
962316	975
343981	5584
919118	5468
663478	1127
634498	5863
574530	804
320866	649
354783	1783
114005	6647
210573	6497
605085	7404
914925	5621
617418	6080
999831	7389
841950	2649
856875	5216
448344	636
382581	7496
171093	7773
596947	7347
320872	4683
606602	5136
560771	4311
569372	6783
462689	3010
581760	4026
933771	4348
716934	5322
139979	5762
828846	7059
783876	2520
415704	7847
116162	6105
761946	6467
723116	6648
297269	1093
268076	5356
538719	6255
763587	272
574513	7450
228493	4239
326769	5488
977297	7049
685889	5800
425013	6888
425012	2111
574511	715
275065	5958
287266	2112
653308	6667
116175	3100
415774	3151
214596	3599
614872	7562
538784	107
827316	1108
875410	5654
142014	1368
569349	1246
770309	76
239046	475
641147	1587
883782	5267
464392	2100
106970	7790
418700	1662
319590	1062
802631	287
145462	5957
584407	7215
224349	6739
461504	4807
569364	6940
967900	341
836630	6305
670940	2989
589712	2680
581759	2661
384168	5235
322306	6498
827305	6
924418	5553
603844	7250
723140	4228
324697	7374
866149	5702
867395	7840
929755	4204
856833	1697
262213	66
396331	5315
723145	1944
932286	1044
373114	2731
932289	5080
845142	94
802661	1517
998703	1203
569333	3629
866115	7475
113681	63
399340	6758
657836	487
567199	6367
650339	1293
723158	6796
498331	7464
595045	1663
847295	771
447701	6773
685842	1499
115514	2314
431713	2637
617612	6642
330338	741
603816	7320
929731	6399
179784	3865
282511	1711
131684	6225
449854	1620
867377	5795
447697	5407
367310	6182
641218	6972
124626	3791
738180	3925
995489	78
214680	6914
903462	1803
602481	7798
194845	1136
194843	1764
385640	4474
124616	4422
838077	6205
511456	4624
324592	2444
384196	3308
588176	3492
784190	4759
207515	304
126371	1807
584467	6389
996559	565
142092	6204
728653	3092
500145	6588
449920	2255
819069	2855
134272	3780
469880	4954
177575	5220
541827	4399
605158	1823
747949	451
944573	2911
319502	1718
697307	1381
832004	1252
240649	4962
645496	161
801178	2797
119926	2701
838059	4205
371834	2320
983825	3684
598262	3264
175440	7635
231082	109
104781	3957
269851	5721
950982	3743
832057	169
358891	5935
645465	4949
819050	4309
447648	4005
335722	6634
653253	5341
177590	3326
368518	5884
177593	3386
843878	2939
334692	4605
348489	7078
430260	3792
588140	5548
415802	6150
819047	563
296110	5272
787901	6151
905719	6290
976112	2280
947501	1247
827275	4848
841856	7554
783810	6916
500175	4651
728669	1143
553115	6381
477804	3350
787907	2790
847345	1643
609168	5612
939200	3478
784150	3153
556220	3612
933743	7007
352321	5329
819032	3118
819030	2877
847334	686
335702	4173
605106	1024
470906	2207
783825	3409
134218	5186
738175	967
966815	5522
173339	1478
573164	4522
318557	1642
784140	1616
275022	6835
841879	415
104768	1708
570545	7720
573157	2284
817862	6895
847328	3535
428474	4288
552016	6996
910547	6570
336039	6560
211622	6519
468735	3926
501985	4042
787956	7761
570558	5219
411180	2531
104738	4819
975014	553
175492	3862
434591	1285
432453	853
766194	705
468741	5249
766196	3753
334640	2925
591022	3827
861776	7876
223267	6605
246979	910
231046	3122
767630	4520
317006	7444
628745	7237
349571	2602
898761	5385
358839	2804
775713	582
737100	3761
427392	3000
370253	7118
990317	2179
573103	2849
608074	4907
246985	6189
135709	6038
153404	1144
853581	5872
288799	5078
322295	7238
200826	6953
546768	6680
135711	1563
539031	5711
552049	736
681395	3988
476732	400
170024	1890
153414	5251
638810	6748
214604	6001
298398	6990
775739	1664
168215	1604
127411	3035
336076	7012
739267	6230
651822	4140
941956	6020
730570	7750
659313	2791
898789	1699
351210	6177
195923	3924
599302	1681
420913	334
117759	1964
101745	919
835504	5679
487373	2853
570596	3850
358808	2424
678447	4780
730586	2188
737135	6515
196938	5327
177508	2128
542501	7467
288774	5268
787987	6337
366225	6479
170046	2642
381529	6191
678466	4503
117745	6660
433947	2847
546786	3327
134295	7392
461138	39
582918	404
889323	3184
995460	5049
336095	6173
473804	5510
711251	4438
752411	4771
370214	6651
231011	983
257114	4123
617393	3245
711256	3637
307942	4260
582904	6153
443466	5741
102460	6721
168268	5831
335790	3653
775764	3082
995477	5247
631741	4194
180908	3292
512545	3008
972061	6053
787965	7791
695148	3569
355805	1722
964520	3682
218997	5218
385666	4891
529527	2468
163860	7134
552010	3099
544657	7075
889305	2998
759568	7700
628766	2706
631737	2055
542513	3818
985972	3155
574493	5166
724120	1990
495646	4462
557718	4366
686648	4290
557713	69
138576	6275
710354	778
377333	3769
825933	5839
816377	560
537793	653
670897	1047
617582	6390
723083	3578
769103	5840
495631	277
328951	2866
724138	255
317179	1180
883844	5147
752458	3839
698544	1899
597946	3933
406213	1896
713596	3126
357914	3081
997720	3540
799260	4960
117792	3962
603929	7311
138596	1470
638756	3064
557735	2130
961301	4743
303476	6017
146417	4814
303469	3459
686672	5178
883852	1402
123686	6332
254536	2299
820498	3747
659220	7722
393939	20
791781	2180
698573	672
146429	1553
589884	1762
928788	411
131545	5998
840898	7057
670869	7356
374779	2539
985998	4086
339988	5013
684652	1905
231725	5809
799287	6501
141029	761
671908	7004
298235	6745
317147	6115
395154	6662
479113	173
766243	7508
760971	3978
322241	5736
317140	7471
540219	2034
141027	3261
650299	2497
176929	3340
322234	4775
226203	6546
560612	3977
255964	129
226200	2582
465392	43
740030	4849
490796	594
118451	3528
448444	3820
882363	5314
188568	2559
132694	2402
200984	2121
481889	7738
599371	7098
212517	988
457167	4699
393900	7724
597903	4786
120206	937
426227	4717
138518	2538
975115	1298
405190	5326
518661	1004
638796	3175
188574	3316
400348	1861
282682	5529
277949	6878
504892	6011
698538	5694
642166	4185
341092	6407
403674	3512
597938	5954
597932	7856
228323	4893
661260	7712
146463	2745
499758	6192
637277	6487
960475	814
546946	2622
274720	7346
713526	5996
769125	6227
774081	3483
306793	5404
115699	7567
652362	3992
998877	5374
978486	3605
597923	7061
628805	6664
303435	3908
693056	6593
560607	1755
703108	2808
901325	86
950773	3355
319461	765
617501	5082
786479	7776
477741	7262
836503	1595
894981	3636
560653	7384
603996	6562
134305	631
324732	5928
821560	7241
205114	3320
904051	7408
483238	7714
672977	1082
648207	5764
663333	4875
306719	3472
306714	3656
228375	6977
996714	954
310899	3199
943155	3419
617774	4560
810761	1455
810760	1137
114150	2054
598289	7138
786499	1513
387023	7532
330260	3160
693043	2819
598281	821
297136	882
726320	7646
277990	2042
612011	3798
418850	5189
475097	861
727853	1412
475098	2417
740080	5304
769156	4642
239124	3361
116267	6591
287155	3025
382453	5822
567059	6218
447842	89
287172	566
106878	5570
525290	221
837687	1891
812024	5750
671993	5619
617530	7168
642195	6076
671991	2836
525295	574
522020	4350
142103	3218
911722	7365
810739	7039
281129	855
449991	7236
469679	2282
810794	3298
836543	3589
324777	7212
189297	3696
812032	3079
350016	2124
981567	1983
356819	3485
123094	4255
239188	6869
672935	6712
124769	5938
913060	5513
856726	6665
431837	4589
106814	4576
469690	4899
978419	3625
415619	2215
929851	483
481800	3751
255905	997
232805	1232
671963	3806
190597	3080
938083	5070
612058	4325
242045	4719
319486	5834
106851	2813
755280	5820
239160	4322
867260	4783
409392	3388
616040	4549
589835	7842
812064	6372
981599	2466
242057	600
229844	4296
374730	7270
365202	1225
783763	4728
723022	7429
464280	2872
212575	1661
648251	4729
212576	3919
903417	5046
839729	4620
745685	5237
323320	6849
186070	7353
129255	4391
778339	803
763517	740
627781	151
665526	7809
229939	377
872594	5075
385515	4339
801049	3525
605021	2732
983715	1454
362321	2930
190588	3802
171023	2464
174702	4418
154420	5134
859908	1010
609253	717
759482	2471
446298	1264
260921	3387
187068	233
366375	4150
511574	1239
385508	3617
801059	4363
194742	1065
409492	1226
824401	6363
409498	3169
116318	2686
911769	3171
860262	774
609266	957
874032	2578
247983	6448
299696	6354
221088	6067
894905	6499
963579	1579
269545	7315
222006	4249
778369	816
861822	4094
253091	7310
469740	2122
911795	1648
903349	697
221095	6790
160473	306
817926	926
635819	772
963574	5334
921289	4406
796459	1482
598346	335
966763	5171
921280	6358
847267	1027
938033	661
758269	6492
966704	4796
911741	6202
382523	523
857766	4001
576613	6212
958314	2439
958319	6896
559678	5425
602374	5538
976244	450
642835	842
869426	1903
503383	5748
260963	1746
937953	7369
473784	3810
281051	309
562877	5966
192526	2711
778313	4139
758285	4458
260954	7006
345120	4304
114051	7085
430372	1186
436987	2919
190528	1977
919202	3763
937986	2315
573292	790
665502	4324
683569	3103
240793	3641
411024	7246
436990	6434
821594	805
559652	2759
852326	1034
189240	4120
469709	2145
447768	5917
786502	2329
358999	7590
345111	725
869444	6366
287114	603
318697	3950
852344	7223
337027	1535
874088	1261
473762	2390
804026	728
335854	3124
911748	5893
194763	5896
917092	1533
976236	6639
841977	5555
944670	7209
994019	708
964695	9
975156	7788
298270	3539
668397	1940
193601	5101
355732	3013
705344	2422
265464	4952
730677	6594
342563	3740
643918	4426
296006	7551
980370	6533
804077	3760
355728	5254
555540	808
960517	941
960515	1536
193611	1268
974176	223
759405	3287
284843	6930
473747	2143
804085	593
358936	6565
298277	5906
473749	5743
251516	376
804050	5645
251512	5400
451617	1556
211500	3203
335888	3785
251511	300
705322	1053
274640	5693
559604	1984
506100	5191
176894	5162
260995	7741
351140	7416
175368	60
360970	6380
695288	1509
849562	3900
207479	5611
975140	7160
154489	7593
472274	2080
756773	1003
200978	5195
909703	5514
843959	159
620916	7801
285950	3719
370332	2399
552119	6882
965663	1043
360965	3506
265423	7787
157794	2472
694122	650
921213	7879
526324	1371
284897	3984
499910	234
284892	3372
764600	3034
468669	6356
135875	2021
947447	261
526337	1297
446258	3564
288628	3937
176889	3530
326904	7711
585655	5675
454844	4526
684617	6841
366339	3586
991388	7781
246890	6720
461268	3309
401924	1052
744430	5815
709885	6526
101874	3303
308966	6413
995579	1830
694116	1667
752522	4655
871048	5398
737026	7591
366352	1548
284864	5812
257234	1269
487479	5286
874003	7129
889206	3371
